52
565 575
25 185 4136 3
345 750 2030 5
945 685 10676 8
845 655 6880 7
880 660 465 2
25 230 19905 7
525 1000 14595 1
580 1175 26275 5
650 1130 3350 4
1605 620 92 6
1220 580 17742 1
1465 200 22495 1
1530 5 1904 4
845 680 3588 9
725 370 3819 8
145 665 5545 6
415 635 7531 4
510 875 427 5
560 365 1639 9
300 465 11857 3
520 585 381 5
480 415 8206 6
835 625 3111 7
975 580 4814 5
1215 245 12890 8
1320 315 1968 10
1250 400 26496 4
660 180 5670 7
410 250 12279 6
420 555 4166 2
575 665 1342 2
1150 1160 12142 9
700 580 243 8
685 595 158 8
685 610 4737 10
770 610 2792 7
795 645 3719 3
720 635 3269 1
760 650 3804 9
475 960 5634 7
95 260 15045 10
875 920 17957 5
700 500 94 10
555 815 12133 7
830 485 4236 9
1170 65 36790 9
830 610 920 4
605 625 819 8
595 360 3973 9
1340 725 11341 6
1740 245 35397 1
