1291
0 0
837 958 547033 4
862 958 1988325 6
887 958 158755 10
913 958 543905 1
938 958 201059 9
964 958 1997971 8
989 958 243188 7
1014 958 1635514 3
1040 958 83572 1
1065 958 78976 10
1091 958 991427 1
1116 958 1497639 10
1141 958 1526991 7
1167 958 281332 10
1167 1110 18815 6
1141 1110 910110 3
1116 1110 1633624 5
1091 1110 1063766 5
1065 1110 1471826 7
1040 1110 1709498 9
1014 1110 948125 10
989 1110 112251 6
964 1110 684090 5
938 1110 436526 6
913 1110 1120236 4
887 1110 33272 5
862 1110 185636 8
837 1110 215201 6
837 1186 38521 3
862 1186 249388 7
887 1186 188494 1
913 1186 1388123 7
938 1186 1059944 9
964 1186 81179 4
989 1186 56686 1
1014 1186 131608 10
1040 1186 611556 4
1065 1186 327574 10
1091 1186 658151 1
1116 1186 396141 6
1141 1186 2181345 7
1167 1186 2856199 7
1167 1339 284480 9
1141 1339 631425 7
1116 1339 1092884 7
1091 1339 1421484 5
1065 1339 1216276 1
1040 1339 49351 6
1014 1339 2651558 10
989 1339 174300 3
964 1339 1424557 8
938 1339 1169894 6
913 1339 77251 8
887 1339 48388 1
862 1339 1913912 5
837 1339 2522684 5
837 1415 381635 6
862 1415 774172 3
887 1415 629993 10
913 1415 404894 7
938 1415 551219 1
964 1415 933392 5
989 1415 687418 5
1014 1415 406942 3
1040 1415 1350424 2
1065 1415 919456 6
1091 1415 176534 3
1116 1415 1892060 4
1141 1415 253587 5
1167 1415 800290 1
1167 1567 770017 6
1141 1567 1692877 5
1116 1567 1448222 2
1091 1567 441737 10
1065 1567 1137389 5
1040 1567 1329971 8
1014 1567 880324 7
989 1567 149084 10
964 1567 209266 7
938 1567 2139686 1
913 1567 931517 7
887 1567 2176907 1
862 1567 1430546 5
837 1567 308637 4
837 1644 256413 5
862 1644 134296 1
887 1644 207018 4
913 1644 506731 1
938 1644 1257822 3
964 1644 68809 4
989 1644 223333 9
1014 1644 357935 10
1040 1644 1134519 3
1065 1644 184467 8
1091 1644 256317 4
1116 1644 179624 9
1141 1644 269454 4
1167 1644 2636570 1
1167 1796 209430 10
1141 1796 563266 5
1116 1796 2179663 10
1091 1796 247936 7
1065 1796 899 6
1040 1796 65341 3
1014 1796 253134 1
989 1796 270221 1
964 1796 1324965 9
938 1796 150524 3
913 1796 1634252 6
887 1796 756725 10
862 1796 1036017 5
837 1796 519067 6
837 1898 14634 3
862 1898 297132 7
887 1898 97852 3
913 1898 2727436 8
938 1898 182198 9
964 1898 222570 10
989 1898 2081011 6
1014 1898 1754448 6
1040 1898 32124 8
1065 1898 1132843 4
1091 1898 421076 10
1116 1898 893083 7
1141 1898 85345 3
1167 1898 3317346 6
1167 2050 486690 5
1141 2050 3323858 2
1116 2050 333857 7
1091 2050 432573 10
1065 2050 31035 10
1040 2050 815108 3
1014 2050 385033 1
989 2050 394014 10
964 2050 89518 3
938 2050 30172 2
913 2050 1214412 8
887 2050 38032 5
862 2050 2218816 10
837 2050 581396 4
837 2126 256438 2
862 2126 1823312 9
887 2126 162190 10
913 2126 524217 4
938 2126 2936489 8
964 2126 770644 7
989 2126 1469200 10
1014 2126 349220 9
1040 2126 986770 7
1065 2126 870887 7
1091 2126 2826357 10
1116 2126 655044 9
1141 2126 170482 7
1167 2126 3137989 2
1167 2279 1858302 8
1141 2279 285810 10
1116 2279 307349 5
1091 2279 1320567 10
1065 2279 3269608 4
1040 2279 2496555 5
1014 2279 1120607 10
989 2279 48497 4
964 2279 1605371 5
938 2279 755962 4
913 2279 2024153 4
887 2279 2011546 3
862 2279 981579 10
837 2279 116477 10
837 2355 449131 8
862 2355 245050 7
887 2355 1359479 4
913 2355 533039 2
938 2355 542372 4
964 2355 77091 3
989 2355 94419 5
1014 2355 887715 6
1040 2355 123698 2
1065 2355 1748877 2
1091 2355 93497 5
1116 2355 3079014 8
1141 2355 1926 6
1167 2355 1829645 6
1167 2507 327015 7
1141 2507 4110276 4
1116 2507 570800 7
1091 2507 288109 6
1065 2507 471981 2
1040 2507 3811625 8
1014 2507 553322 5
989 2507 1889164 6
964 2507 224744 5
938 2507 2248849 6
913 2507 699277 9
887 2507 1477057 8
862 2507 1423010 1
837 2507 313613 10
837 2583 1905212 3
862 2583 586974 2
887 2583 1762185 3
913 2583 783928 9
938 2583 1310480 8
964 2583 56320 3
989 2583 2278074 3
1014 2583 1506688 10
1040 2583 568000 2
1065 2583 71578 7
1091 2583 2116915 1
1116 2583 1458457 5
1141 2583 1396128 9
1167 2583 2271208 7
1243 2583 2088788 2
1167 2736 567254 2
1141 2736 714586 10
1116 2736 940303 2
1091 2736 1189278 3
1065 2736 538869 7
1040 2736 1228690 10
1014 2736 1142361 7
989 2736 1191955 9
964 2736 524604 3
938 2736 126196 6
913 2736 1607033 8
887 2736 3800727 6
862 2736 2087996 10
837 2736 2030346 9
964 2888 1597907 1
1040 2888 807883 1
1141 2888 726068 4
1218 2888 3863235 9
1218 2914 1640292 4
1141 2914 77726 9
1040 2914 467974 9
964 2914 640090 10
913 2914 3323465 3
964 2939 424523 2
1040 2939 2593518 1
1141 2939 652939 4
1218 2939 158546 8
1218 2964 1377189 6
1141 2964 168852 6
1040 2964 41929 10
964 2964 132829 6
913 2964 2931954 4
964 2990 1324604 4
1040 2990 214160 2
1141 2990 1480245 2
1218 2990 2085157 3
1218 3015 563543 8
1141 3015 1361560 7
1040 3015 98019 8
964 3015 3175503 8
964 3041 757446 7
1040 3041 134548 8
1141 3041 1877981 6
1218 3041 2501795 9
1218 3066 5664 7
1141 3066 1550341 4
1040 3066 2239010 3
964 3066 438908 4
1298 874 612923 1
1323 874 705800 7
1348 874 115417 1
1373 874 464248 10
1398 874 62619 8
1423 874 939573 1
1448 874 68869 6
1473 874 845789 1
1498 874 1034402 1
1523 874 506594 1
1548 874 995279 2
1573 874 349153 4
1598 874 363184 10
1623 874 217648 2
1648 874 976023 5
1673 874 1048462 5
1698 874 63153 9
1723 874 1445941 6
1748 874 29738 6
1773 874 310514 7
1798 874 3434 10
1823 874 10001 1
1848 874 153537 3
1873 874 99146 8
1898 874 420875 9
1923 874 1685248 8
1948 874 1971512 8
1973 874 1278101 1
1998 874 368174 10
2023 874 866257 5
2048 874 1635206 2
2073 874 1125157 9
2098 874 809216 7
2123 874 771453 9
2148 874 1838987 6
2173 874 2015846 4
2198 874 355978 6
2248 874 3838033 9
1298 899 179238 7
1348 899 745221 3
1398 899 385860 1
1448 899 497384 2
1498 899 25260 10
1548 899 1399688 8
1598 899 1181 6
1648 899 1650205 4
1698 899 1193059 2
1748 899 472202 5
1798 899 504758 2
1848 899 675867 1
1898 899 48896 3
1948 899 602936 2
1998 899 1179545 4
2048 899 2117879 9
2098 899 1653901 10
2148 899 980387 9
2198 899 331888 3
2248 899 627207 1
2298 899 208936 1
2348 899 114349 5
2398 899 934293 8
2448 899 672982 10
2498 899 1689717 8
2548 899 465335 10
2598 899 3722063 5
2648 899 245194 7
2698 899 30421 9
2748 899 358159 5
2798 899 1016157 6
2848 899 3058889 2
2898 899 317651 7
2948 899 524042 9
2998 899 175744 6
3048 899 1841332 4
3098 899 456942 2
3148 899 433972 6
3198 899 3888652 4
3248 899 1542562 9
3298 899 3433229 4
3348 899 1968775 8
3398 899 153116 10
3448 899 201049 1
3423 924 617187 1
3373 924 514779 9
3323 924 102140 8
3273 924 2062567 4
3223 924 180769 7
3173 924 1566136 8
3123 924 216766 5
3073 924 1724197 8
3023 924 215596 8
2973 924 3199124 3
2923 924 2660257 5
2873 924 904490 6
2823 924 1988527 5
2773 924 933709 9
2723 924 1196161 6
2673 924 1566530 1
2623 924 1017552 6
2573 924 1873 9
2448 924 1250853 3
2398 924 43445 9
2348 924 3342 1
2298 924 1521791 8
2173 924 128498 9
2123 924 27658 3
2073 924 1418803 5
2023 924 2290156 1
1973 924 1307009 2
1923 924 1409233 5
1873 924 1092008 8
1823 924 7693 6
1773 924 164492 7
1723 924 1037560 3
1673 924 2134189 3
1623 924 560877 6
1573 924 22117 5
1523 924 63678 1
1473 924 1960783 1
1423 924 2161088 9
1373 924 1087184 7
1323 924 383673 3
2298 949 872610 2
2348 949 427972 9
2398 949 1907955 6
2448 949 948995 5
2678 996 651396 5
2202 996 292870 10
1522 1085 107971 9
1395 1110 962433 8
1472 1110 1146671 10
1573 1110 1204833 1
1649 1110 486762 10
2107 1110 293444 8
2183 1110 456327 5
2284 1110 141142 2
2361 1110 3156415 9
2361 1136 653004 8
2284 1136 803846 6
2183 1136 206776 7
2107 1136 79451 5
2005 1136 1280449 6
1929 1136 1182574 7
1827 1136 437636 1
1751 1136 332448 5
1649 1136 419420 8
1573 1136 482907 2
1522 1136 9247 2
1472 1136 1122492 2
1395 1136 1123500 8
1395 1161 2346887 5
1472 1161 247406 1
1573 1161 151223 8
1649 1161 723534 3
1751 1161 35769 8
1827 1161 228911 3
1929 1161 738836 3
2005 1161 274219 5
2107 1161 274749 3
2183 1161 898713 3
2284 1161 454325 7
2361 1161 55144 7
2869 1186 137693 5
2818 1186 618726 2
2767 1186 1478151 3
2716 1186 201304 10
2361 1186 597716 1
2284 1186 134831 8
2183 1186 3753918 6
2107 1186 328490 8
2005 1186 90537 8
1929 1186 2386011 9
1827 1186 2256428 7
1751 1186 927544 9
1649 1186 1913649 3
1573 1186 619873 7
1472 1186 352151 3
1395 1186 424375 6
1395 1212 29854 3
1472 1212 746098 7
1573 1212 58398 2
1649 1212 422993 3
1751 1212 2202984 10
1827 1212 485930 5
1929 1212 1850490 9
2005 1212 619149 6
2107 1212 677725 10
2183 1212 2364259 8
2284 1212 1503406 6
2361 1212 1431714 10
2361 1237 1131432 5
2284 1237 631316 3
2183 1237 1535567 9
2107 1237 592220 6
2005 1237 949807 7
1929 1237 1403097 3
1827 1237 1092905 9
1751 1237 216311 8
1649 1237 1784591 2
1573 1237 3260691 9
1472 1237 123929 5
1395 1237 442974 7
1395 1263 1077933 2
1472 1263 287680 4
1573 1263 452036 8
1649 1263 1516325 7
1751 1263 780287 1
1827 1263 1673580 9
1929 1263 437130 8
2005 1263 613199 10
2107 1263 66 6
2183 1263 322270 6
2284 1263 928192 1
2361 1263 672441 2
2437 1263 825688 7
2513 1263 141242 1
2361 1288 1864135 6
2284 1288 925679 6
2183 1288 506369 6
2107 1288 943118 9
2005 1288 933546 8
1929 1288 1159156 5
1827 1288 182105 4
1751 1288 451665 10
1649 1288 1605620 1
1573 1288 770325 1
1472 1288 293535 8
1395 1288 1073144 7
2437 1313 2499121 7
2513 1313 407009 7
2742 1313 463140 2
2767 1313 9954 6
2843 1313 3828014 6
2869 1313 692106 7
2869 1364 2444678 6
2818 1364 846974 4
2767 1364 54414 7
2716 1364 133409 9
1853 1364 1203563 9
1751 1364 487033 2
1853 1390 1661082 8
1751 1390 1912485 5
1649 1390 424402 9
1573 1390 718768 10
1472 1390 610195 10
1395 1390 1300159 9
1395 1415 660289 9
1472 1415 853878 10
1573 1415 226927 8
1649 1415 813314 5
1751 1415 385282 8
1853 1415 502187 2
1929 1415 888988 9
2005 1415 79089 6
2107 1415 1035562 6
2183 1415 124138 7
2284 1415 1632392 7
2361 1415 597615 4
2462 1415 1104577 5
2538 1415 466218 1
2538 1440 637084 4
2462 1440 1184552 8
2361 1440 1012877 3
2284 1440 1406785 4
2183 1440 1948914 6
2107 1440 1653538 3
2005 1440 1780633 10
1929 1440 632959 10
1853 1440 234817 8
1751 1440 1917325 2
1649 1440 75890 8
1573 1440 1089932 3
1472 1440 930654 7
1395 1440 2035554 7
1395 1466 2026386 6
1472 1466 439542 3
1573 1466 611788 6
1649 1466 365973 6
1751 1466 892168 9
1853 1466 2639494 5
1929 1466 936702 9
2005 1466 175563 6
2107 1466 851939 10
2183 1466 579428 10
2284 1466 1210258 10
2361 1466 1720332 9
2462 1466 55440 5
2538 1466 1773215 9
2869 1491 2378893 8
2843 1491 1238796 3
2767 1491 3234045 4
2742 1491 2323423 2
2538 1491 2038159 3
2462 1491 3308417 3
2361 1491 856212 8
2284 1491 3067859 9
2183 1491 317986 2
2107 1491 347744 8
2005 1491 249887 9
1929 1491 2254505 2
1853 1491 2335635 2
1751 1491 1666438 9
1649 1491 251395 5
1573 1491 483296 5
1472 1491 222035 5
1395 1491 1557942 2
1395 1517 275011 7
1472 1517 555101 6
1573 1517 836808 10
1649 1517 541827 4
1929 1517 448716 6
2005 1517 786976 2
2107 1517 958518 2
2183 1517 342642 6
2284 1517 89397 3
2361 1517 2134059 8
2462 1517 1850184 3
2538 1517 2372907 7
2538 1542 3373393 10
2462 1542 1238723 7
2361 1542 1627713 9
2284 1542 16502 3
2183 1542 2686327 3
2107 1542 274980 1
2005 1542 1464352 9
1929 1542 91254 6
1649 1542 3127573 9
1573 1542 247430 6
1472 1542 154766 3
1395 1542 1210866 8
1395 1567 570473 3
1472 1567 3065034 6
1573 1567 286862 3
1649 1567 335192 2
1929 1567 7446 3
2005 1567 4349999 2
2107 1567 2318970 7
2183 1567 1104441 10
2284 1567 2293 3
2361 1567 716514 5
2462 1567 176465 1
2538 1567 1517538 9
2538 1694 110839 2
2462 1694 70204 7
2183 1694 941980 8
2107 1694 992374 8
1649 1694 901272 1
1573 1694 872133 4
1472 1694 414670 7
1395 1694 480939 6
1395 1720 1022424 9
1472 1720 26000 5
1573 1720 154255 7
1649 1720 412009 6
1929 1720 2225991 8
2005 1720 2778021 10
2107 1720 2458785 4
2183 1720 263935 7
2284 1720 2097587 3
2361 1720 297911 9
2462 1720 1241578 10
2538 1720 1057988 8
2640 1720 1410767 5
2716 1720 2206691 4
3961 1745 153357 5
3885 1745 502958 8
3834 1745 170684 4
3758 1745 248277 1
3707 1745 3815 10
3631 1745 112316 9
3580 1745 2832100 1
3504 1745 1982391 5
3453 1745 1279315 8
3377 1745 2624490 3
3326 1745 425485 10
3250 1745 401720 1
3199 1745 166236 4
3123 1745 4265252 7
3072 1745 173394 3
2996 1745 4286483 5
2894 1745 572960 1
2716 1745 719786 6
2640 1745 2351055 7
2538 1745 1952098 7
2462 1745 242295 6
2361 1745 2018255 6
2284 1745 3136359 5
2183 1745 749968 5
2107 1745 1559648 2
2005 1745 1999880 8
1929 1745 2516565 4
1649 1745 1225877 1
1573 1745 1686450 1
1472 1745 761659 4
1395 1745 187320 6
1395 1771 1070285 9
1472 1771 2369149 7
1573 1771 1581820 10
1649 1771 191122 7
1929 1771 1641741 7
2005 1771 920650 5
2107 1771 412476 3
2183 1771 168326 10
2284 1771 633784 7
2361 1771 2005198 7
2462 1771 4220102 7
2538 1771 2570185 9
2640 1771 3313648 4
2716 1771 1354746 1
3961 1796 408475 1
3885 1796 4301142 3
3834 1796 218507 2
3758 1796 1229009 10
3707 1796 885272 9
3631 1796 330617 7
3580 1796 3541350 4
3504 1796 2626429 8
3453 1796 243304 8
3377 1796 153418 5
3326 1796 1329242 10
3250 1796 898578 9
3199 1796 833664 2
3123 1796 1861679 2
3072 1796 929387 7
2996 1796 385560 6
2894 1796 2543794 6
2716 1796 1739884 4
2640 1796 6973 9
2538 1796 1006824 9
2462 1796 296685 3
2361 1796 854397 5
2284 1796 722501 5
2183 1796 1311589 4
2107 1796 476332 9
2005 1796 117913 7
1929 1796 1113616 9
1649 1796 1736746 10
1573 1796 945923 9
1472 1796 732648 4
1395 1796 442313 2
1395 1821 997894 7
1472 1821 637421 5
1573 1821 25871 10
1649 1821 1441803 3
1929 1821 468841 10
2005 1821 59669 6
2107 1821 4556839 6
2183 1821 1401802 2
2284 1821 84002 9
2361 1821 3266078 8
2462 1821 1012231 8
2538 1821 357012 1
2640 1821 2332656 6
2716 1821 1659518 7
2957 1821 1984723 8
3961 1847 90640 6
3885 1847 2009751 9
3834 1847 4491611 10
3758 1847 61928 8
3707 1847 780728 2
3631 1847 961871 4
3580 1847 1545388 3
3504 1847 328130 5
3453 1847 37090 6
3377 1847 61753 4
3326 1847 397450 10
3250 1847 1052761 3
3199 1847 3120867 8
3123 1847 60313 8
3072 1847 676791 7
2996 1847 698087 2
2818 1847 1741322 2
2716 1847 349103 2
2640 1847 110517 6
2538 1847 157941 1
2462 1847 1797827 2
2361 1847 3119924 6
2284 1847 1349272 10
2183 1847 1472374 1
2107 1847 28438 9
2005 1847 538245 10
1929 1847 2178724 6
1649 1847 2807427 9
1573 1847 649903 8
1472 1847 2360766 5
1395 1847 345939 2
1395 1872 1837238 9
1472 1872 1091486 7
1573 1872 1223826 9
1649 1872 720199 6
1929 1872 308944 5
2005 1872 3060601 3
2107 1872 3821576 5
2183 1872 3612377 7
2284 1872 656284 4
2361 1872 47781 6
2462 1872 340691 8
2538 1872 2112008 8
2640 1872 4487480 10
2716 1872 1609566 9
2894 1910 724512 5
2869 1923 3715547 2
2957 1923 424477 7
2996 1923 1177447 5
3072 1923 2176 10
3123 1923 1310937 3
3199 1923 4744116 4
3250 1923 1542395 2
3326 1923 847983 4
3377 1923 1843408 1
3453 1923 5024966 5
3504 1923 3283997 1
3580 1923 1311248 5
3631 1923 4736538 8
3707 1923 2176272 8
3758 1923 1009211 8
3834 1923 2318956 2
3885 1923 621898 1
3961 1923 23475 6
2894 1936 1324505 1
2818 1948 179100 6
3072 1961 2000771 6
2538 1974 4512844 8
2640 1974 98470 1
2716 1974 1337366 9
3758 1974 2397799 3
3148 1999 1466021 9
2996 1999 3159441 6
2919 1999 3595856 3
2843 1999 486031 7
2716 1999 169596 7
2640 1999 279876 10
2284 1999 1530887 7
2132 1999 23644 2
2030 1999 3121100 2
1878 1999 2891495 1
1764 1999 1440384 7
1687 1999 178393 2
1548 1999 770482 5
1395 1999 1733103 7
1395 2025 1459558 1
1548 2025 2130009 10
1687 2025 1551477 4
1764 2025 667111 6
1878 2025 310 4
2030 2025 1018435 4
2132 2025 288223 5
2284 2025 4109566 10
2538 2025 3712304 9
2640 2025 3495316 3
2716 2025 3186151 5
2843 2025 386922 10
2919 2025 2738225 4
3148 2050 1518606 2
2996 2050 1270856 6
2919 2050 3653511 7
2843 2050 2167536 3
2716 2050 1351346 2
2640 2050 814710 10
2284 2050 2737752 4
2132 2050 1097274 4
2030 2050 2470241 4
1878 2050 1034147 5
1764 2050 538354 2
1687 2050 108277 10
1548 2050 4586258 1
1395 2050 1307951 10
1395 2075 525838 10
1548 2075 270285 9
1687 2075 3226092 3
1764 2075 1098081 7
1878 2075 1230814 4
2030 2075 203273 8
2132 2075 74074 6
2284 2075 442221 8
3758 2075 1309186 7
3072 2088 1723638 7
2538 2101 2667827 5
2462 2101 3588872 10
2284 2101 4075701 2
2132 2101 265359 4
2030 2101 277940 8
1878 2101 246201 9
1764 2101 2920293 10
1687 2101 1215028 5
1548 2101 205522 6
1395 2101 7149 2
1395 2126 1310285 3
1548 2126 210352 4
1687 2126 1118560 6
1764 2126 827852 2
1878 2126 97765 9
2030 2126 868916 2
2132 2126 3273191 7
2284 2126 48289 4
2462 2126 588298 2
2538 2126 383838 5
2640 2126 183005 8
2716 2126 509666 6
3072 2126 297485 9
3123 2126 2034001 4
3758 2126 508065 5
3681 2152 2521117 4
3631 2152 671707 6
2716 2152 1314525 3
2640 2152 117631 10
2538 2152 454141 2
2462 2152 1163999 3
2284 2152 1168946 6
2132 2152 77232 7
2030 2152 1047166 2
1878 2152 991382 9
1764 2152 2418000 2
1687 2152 474451 10
1548 2152 204973 9
1395 2152 3355571 3
1395 2177 157850 7
1548 2177 245892 7
1878 2177 3123618 9
2030 2177 80218 3
2132 2177 92154 8
2284 2177 2546502 4
2462 2177 3851683 6
2538 2177 114144 5
2640 2177 4802903 6
2716 2177 94054 1
2716 2202 35725 6
2640 2202 501128 3
2538 2202 2604111 1
2462 2202 55969 8
2284 2202 210257 7
2132 2202 654447 5
2030 2202 856337 9
1878 2202 2429605 2
1548 2202 3180207 5
1395 2202 1074825 3
1395 2228 1788004 2
1548 2228 376925 8
1878 2228 300054 7
2030 2228 4589641 10
2132 2228 818867 6
2284 2228 3301037 4
2462 2228 601671 8
2538 2228 5549224 3
2640 2228 7904 10
2716 2228 3802352 3
3758 2253 4964039 6
3123 2253 4305263 7
3072 2253 1700079 9
2716 2253 3314436 9
2640 2253 746307 5
2538 2253 2647255 10
2462 2253 403480 2
2284 2253 1089662 10
2132 2253 406217 8
2030 2253 3513902 4
1878 2253 4055286 10
1548 2253 612438 3
1395 2253 887126 7
1395 2279 86923 8
1548 2279 1223910 10
1878 2279 393840 2
2030 2279 250792 1
2132 2279 3259758 7
2284 2279 1805152 10
2462 2279 9985 1
2538 2279 1888170 7
2640 2279 745369 2
2716 2279 473440 3
3656 2279 2912548 10
3681 2279 1523201 1
2716 2304 2341810 1
2640 2304 3152071 8
2538 2304 794227 1
2462 2304 32262 1
2284 2304 1349163 2
2132 2304 583419 10
2030 2304 3340448 8
1878 2304 79888 1
1751 2304 2335287 5
1675 2304 1038445 3
1548 2304 3178478 3
1395 2304 71481 9
1395 2329 259252 2
1548 2329 1449305 1
1675 2329 1871456 6
1751 2329 216630 9
1878 2329 357169 4
2030 2329 2043408 2
2132 2329 662591 7
2284 2329 1564141 3
2462 2329 425162 9
2538 2329 710128 3
2640 2329 736136 6
2716 2329 916328 4
3758 2355 4652184 3
2284 2355 3891832 5
2132 2355 2107069 9
2030 2355 277414 2
1878 2355 860892 4
1751 2355 2022822 2
1675 2355 846153 5
1548 2355 1312534 3
1395 2355 460094 10
1395 2380 720671 3
1548 2380 158876 6
1675 2380 3013370 3
1751 2380 1654871 1
1878 2380 199590 5
2030 2380 3781150 6
2132 2380 2253837 6
2284 2380 2410993 5
2284 2406 830781 8
2132 2406 1463913 6
2030 2406 4049979 5
1878 2406 3747167 4
1751 2406 1452404 5
1675 2406 499424 6
1548 2406 2087330 2
1395 2406 624580 3
1319 2418 257201 1
1395 2431 12275 10
1548 2431 1550542 4
1675 2431 1262833 5
1751 2431 311432 8
1878 2431 3062146 6
2030 2431 4326268 10
2132 2431 1349907 4
2284 2431 436480 7
2640 2431 1041726 4
2716 2431 909118 5
3758 2456 142602 3
2716 2456 2171846 8
2640 2456 876083 6
2284 2456 3347630 5
2132 2456 31091 2
2030 2456 552961 7
1878 2456 1348058 3
1751 2456 1009673 9
1675 2456 2614463 5
1548 2456 206494 7
1395 2456 49371 4
1319 2469 2295147 9
1395 2482 329462 5
1548 2482 58084 6
1675 2482 265440 2
1751 2482 628593 4
1878 2482 58069 7
2030 2482 3965368 7
2132 2482 343257 4
2284 2482 2158934 9
2640 2482 111441 6
2716 2482 2350171 10
2640 2507 3737492 10
2716 2507 191732 10
3758 2507 5738254 8
2716 2533 707962 6
2640 2533 3456118 2
2640 2558 1833785 1
2716 2558 2624966 9
2640 2583 820103 6
2716 2583 4609714 1
3631 2583 1597772 5
3681 2583 614022 9
2716 2609 1877581 8
2640 2609 538776 8
3758 2634 220947 5
2869 2634 2323823 6
2716 2634 647264 4
2640 2634 1705063 4
2284 2634 263643 9
2132 2634 145486 1
2030 2634 3570266 8
1878 2634 3329063 5
1802 2634 1140661 10
1649 2634 2981670 6
1548 2634 438541 10
1395 2634 2106423 9
1395 2660 1227701 2
1548 2660 657482 4
1649 2660 201829 6
1802 2660 4372101 5
1878 2660 1472469 7
2030 2660 14456 6
2132 2660 157261 9
2284 2660 331723 8
2640 2660 1814549 10
2716 2660 1216429 2
2284 2685 3458446 2
2132 2685 271130 2
2030 2685 1603728 10
1878 2685 1417499 9
1802 2685 2552365 8
1649 2685 2662741 4
1548 2685 1481414 10
1395 2685 4490463 6
1243 2685 1520037 4
1395 2710 1163052 3
1548 2710 2515576 4
1649 2710 3693542 6
1802 2710 85523 8
1878 2710 2817512 1
2030 2710 3732313 8
2132 2710 1954017 6
2284 2710 134171 6
3656 2710 104715 3
3681 2710 298120 2
2869 2736 4445036 6
2538 2736 6021948 8
2462 2736 39 6
2284 2736 2433127 4
2132 2736 2362493 8
2030 2736 1345285 7
1878 2736 3258725 7
1802 2736 1989421 4
1649 2736 1777122 4
1548 2736 276219 3
1395 2736 557871 8
1395 2761 3757351 9
1548 2761 2736656 2
1649 2761 2437892 7
1802 2761 254874 4
1878 2761 313494 2
2030 2761 96390 4
2132 2761 809339 8
2284 2761 1044471 1
2462 2761 3600559 8
2538 2761 313440 6
2716 2787 27852 5
2640 2787 2635269 10
2538 2787 1154318 10
2462 2787 587020 4
2284 2787 4957206 6
2132 2787 2140403 2
2030 2787 394524 9
1878 2787 752564 9
1802 2787 1350704 1
1649 2787 2636719 6
1548 2787 1157267 7
1395 2787 1164414 5
1395 2812 1912579 10
1548 2812 1070486 2
1649 2812 2072407 6
1802 2812 717516 6
1878 2812 3360925 10
2030 2812 787275 4
2132 2812 48288 9
2284 2812 4715208 2
2462 2812 970295 9
2538 2812 215541 10
2640 2812 4130957 9
2716 2812 2941220 7
3453 2837 2398387 6
3351 2837 780921 7
2716 2837 1656549 7
2640 2837 3978920 4
2538 2837 3047 4
2462 2837 408831 6
2284 2837 1336797 1
2132 2837 1950944 2
2030 2837 2453408 4
1878 2837 3031299 6
1802 2837 3585046 6
1649 2837 3392844 7
1548 2837 1081847 3
1395 2837 2080547 9
1395 2863 80862 10
1548 2863 2286017 2
1649 2863 103658 9
1802 2863 2055934 2
1878 2863 2283334 5
2030 2863 815473 4
2132 2863 4044627 8
2284 2863 5136425 9
2462 2863 4819023 5
2538 2863 24699 1
2640 2863 3067461 4
2716 2863 1270530 8
2869 2888 2417010 6
2818 2888 697630 6
2716 2888 4111 5
2640 2888 875380 7
2538 2888 1523544 2
2462 2888 944556 7
2284 2888 20913 7
2132 2888 189125 5
2030 2888 2413297 10
1878 2888 157670 9
1802 2888 2821830 5
1649 2888 887623 4
1548 2888 2130004 8
1395 2888 83206 2
1319 2901 1126619 3
1294 2901 3334725 10
1268 2901 32205 2
1395 2914 111064 7
1548 2914 1883450 5
1649 2914 2791101 3
1802 2914 1913138 8
1878 2914 3081526 5
2030 2914 215475 7
2132 2914 813538 7
2284 2914 538616 9
2462 2914 850531 1
2538 2914 935164 3
2640 2914 1454930 5
2716 2914 2175736 8
2716 2939 5164835 10
2640 2939 1115774 5
2538 2939 2579897 3
2462 2939 178251 3
2284 2939 2043247 10
2132 2939 1649132 9
2030 2939 123575 9
1878 2939 1907209 4
1802 2939 3148890 2
1649 2939 2063039 5
1548 2939 1525747 9
1395 2939 995541 6
1395 2964 93904 4
1548 2964 215385 9
1649 2964 3633140 9
1802 2964 1003155 2
1878 2964 1779447 10
2030 2964 652263 10
2132 2964 590744 2
2284 2964 948075 5
2462 2964 42706 6
2538 2964 2951849 4
2640 2964 2818538 10
2716 2964 2546491 9
3351 2964 309158 7
3453 2964 183148 9
2869 2990 3388306 1
2818 2990 351111 2
3554 3015 763339 3
3580 3015 215229 5
3605 3015 1967647 3
3631 3015 856724 10
3656 3015 848272 1
3681 3015 5954272 8
3707 3015 2381320 10
3732 3015 256449 10
3758 3015 3878212 5
3783 3015 1495650 3
3808 3015 2530658 10
3834 3015 1792156 7
3859 3015 4473687 2
3453 3041 2569181 9
3402 3041 963287 3
3326 3041 1697060 8
3275 3041 7209936 1
1522 3041 1696032 3
1472 3041 1280069 5
3554 3066 109522 5
3580 3066 1208638 5
3605 3066 4313524 9
3631 3066 3147657 9
3656 3066 1919655 9
3681 3066 5408092 8
3707 3066 1301072 4
3732 3066 311937 6
3758 3066 3287057 2
3783 3066 235495 8
3808 3066 1315298 4
3834 3066 1589616 10
3859 3066 335469 4
2498 874 879126 5
2548 874 635398 1
2573 874 1400051 1
2598 874 920896 6
2623 874 1092600 6
2648 874 541864 4
2673 874 1046565 2
2698 874 2791179 6
2723 874 1854657 6
2748 874 1430699 7
2773 874 197884 3
2798 874 1622624 8
2823 874 177448 9
2848 874 3087749 10
2873 874 38983 9
2898 874 930729 3
2923 874 609255 3
2948 874 1258032 5
2973 874 3017759 5
2998 874 172763 6
3023 874 2936819 3
3048 874 2339526 6
3073 874 1763694 1
3098 874 3865730 9
3123 874 186388 5
3148 874 682166 1
3173 874 2668796 10
3198 874 495874 7
3223 874 563685 4
3248 874 2837952 4
3273 874 1741248 2
3298 874 1106857 5
3323 874 314218 4
3348 874 2089158 10
3373 874 512723 9
3398 874 243639 9
3423 874 296446 9
3448 874 2252204 2
3554 907 2434910 1
3580 907 586181 5
3605 907 59050 6
3631 907 2076680 3
3656 907 249441 9
3681 907 739339 9
3707 907 3864330 10
3732 907 2894789 2
3758 907 2091479 2
3783 907 891116 4
3808 907 11610 9
3834 907 299216 3
3859 907 1841408 1
3859 958 314022 2
3834 958 606137 4
3808 958 2369549 7
3783 958 281687 9
3758 958 1640500 10
3732 958 432760 1
3707 958 541811 4
3681 958 488669 8
3656 958 210774 8
3631 958 1820538 9
3605 958 148536 1
3580 958 419970 1
3554 958 125581 4
