493
0 0
1116 1555 11125 1
1357 1479 354595 6
1148 1771 317690 5
1186 1796 37471 4
1205 1885 332153 10
1237 1993 825297 7
1300 2006 780267 9
1160 2025 932927 9
1173 2037 18835 9
1224 2050 487477 1
1351 2241 796950 6
1732 2133 1102584 7
1745 2190 372112 3
1764 2291 12509 4
1764 2342 182022 3
1732 2393 1070017 3
1745 2418 381354 6
1649 2431 869629 8
1757 2520 1905217 9
2297 1771 1244630 6
2214 1428 467423 6
2227 1339 1581262 3
2183 1320 967640 7
2614 1110 256909 9
2507 1161 1044519 5
2348 952 834894 9
2221 1009 953552 6
2208 1085 584668 8
2202 1136 690892 8
2214 1174 680877 4
2024 1123 1292572 3
2043 1301 1006143 5
1948 1307 501934 5
1941 1390 542898 9
1846 1415 852850 9
1757 1364 435827 5
1802 1352 384407 8
1833 1263 158074 10
1732 1250 17662 6
2043 1580 222628 4
2049 1745 102572 1
1999 1802 475250 5
1960 1815 1095474 2
2056 1821 557510 3
2011 1828 441407 4
2043 1853 751789 1
1846 1783 47495 1
1821 1828 130811 6
1846 1866 30206 1
1814 1650 2679 2
1668 1809 268111 1
1859 2164 329501 3
1986 2133 4061 3
2011 2177 90516 7
1948 2196 19016 4
1891 2247 645126 1
2011 2272 353595 2
2037 2304 40421 8
2056 2355 95992 8
1897 2412 842749 5
1897 2456 321820 10
1916 2469 945932 8
2056 2469 1441573 2
2157 2139 214013 6
1637 2698 826708 1
1706 2704 824082 3
1764 2749 687784 8
1706 2774 715236 3
1764 2799 440146 5
1872 3066 1170107 1
1852 3003 119079 3
1872 2996 17263 5
1897 2996 50265 3
2214 2971 485816 8
2195 2939 131707 9
2246 2888 466300 4
1891 2869 84337 2
2202 2844 377309 10
1903 2818 887131 5
1872 2818 10119 5
2011 2761 50431 3
1903 2698 58288 7
1954 2583 184175 9
2056 2577 26155 4
2094 2564 393523 1
2195 2476 56978 4
2589 2990 1404022 1
2608 2990 649543 8
2507 3003 796924 9
2894 3047 1901200 4
2894 3003 1819212 4
2907 2971 44717 7
3027 3047 107448 10
2792 2812 2202281 7
2227 2812 49172 10
2583 2799 20430 8
2595 2774 497407 9
2507 2774 303648 10
2722 2755 19981 6
2614 2749 55059 7
2888 2730 16486 5
3211 2730 107656 8
3142 2717 436726 8
2754 2698 154748 10
2456 2698 25315 1
2570 2622 758713 6
2722 2622 514270 2
3364 2622 299659 4
2900 2615 971452 6
3135 2603 1446780 3
2710 2596 510571 7
2716 2545 64466 5
2888 2533 701463 2
2849 2514 889234 7
2297 2514 40514 2
2608 2495 90556 8
3224 2488 374955 8
2691 2476 196563 8
2875 2437 1103739 5
2500 2418 1526546 8
2430 2399 2064108 7
2875 2399 485758 5
3129 2368 1251068 3
2583 2368 896856 5
2494 2368 1207438 2
2780 2361 93339 2
2335 2355 307235 3
2614 2317 280345 7
2926 2304 157588 2
2805 2291 409568 3
2583 2291 1406628 4
2824 2285 361823 6
2862 2279 117515 9
2799 2260 888585 3
2691 2260 541591 2
2754 2253 1078285 4
2913 2253 82582 5
2348 2241 983343 8
2907 2234 1503882 7
3135 2234 303595 10
2926 2228 61625 8
3434 2202 378378 10
2881 2190 112350 7
2602 2190 424584 8
2710 2164 1533538 5
2792 2145 1358805 7
2824 2133 574178 8
2424 2107 1563664 6
2868 2101 1718994 2
3434 2101 1302854 4
2614 2088 855943 4
3078 2082 48679 7
2589 2075 1098013 6
2487 2063 371970 8
2735 2063 26406 2
3446 2044 1193841 4
3351 2031 451935 10
2627 2018 855241 2
2697 2006 1681061 9
2487 1993 614705 4
2684 1974 256799 10
2462 1968 4449 10
3135 1968 910999 10
3396 1968 538383 8
2748 1961 244889 10
2722 1961 152726 4
3230 1955 7954 6
2970 1942 274495 9
2475 1936 702317 10
2513 1923 527330 8
2926 1917 10461 8
2494 1910 729047 10
2614 1904 1573401 3
2519 1891 141422 7
2589 1891 261873 1
3408 1891 618280 7
3643 1891 18525 3
2786 1885 3817 9
2659 1885 70517 6
2494 1879 928620 7
2957 1879 1293652 4
3459 1879 279728 8
3053 1866 1129462 8
2773 1866 67629 5
2710 1866 349918 6
3237 1853 1347988 5
3326 1853 194928 7
2735 1847 441687 9
2494 1834 1112468 7
3269 1834 1058371 3
3307 1834 42962 2
3364 1834 1919055 4
2672 1828 290966 9
3351 1821 469397 1
3472 1821 1716763 2
2868 1815 764629 7
2811 1809 373380 4
3351 1802 479598 2
3294 1796 260878 6
2545 1796 612342 8
3110 1777 561447 8
3161 1777 452784 8
3281 1777 166708 5
3338 1758 997582 2
2995 1758 394437 8
3199 1720 186698 6
3002 1720 283915 3
2634 1720 577346 4
2507 1707 847767 7
2964 1707 624005 6
3059 1707 672110 9
3097 1707 1496991 7
3643 1707 1305449 5
2805 1701 323576 2
2583 1694 366529 7
3078 1694 1484799 5
2894 1688 183915 8
3148 1682 397426 3
3218 1663 13667 3
3199 1663 188312 6
2729 1663 1842146 2
2951 1650 17783 7
2430 1644 432575 6
2507 1631 567435 10
3599 1631 315787 5
3135 1625 211948 6
3078 1625 37277 8
3059 1625 263172 4
2773 1625 377920 3
2913 1618 89835 5
3307 1618 251751 4
3135 1606 44101 10
3015 1606 1282307 6
2424 1599 302079 1
2830 1593 132250 3
3294 1593 570241 7
3129 1580 548395 3
3376 1567 488280 10
2614 1567 1280052 6
2932 1548 522900 7
3046 1547 803813 1
3072 1547 664460 8
3098 1547 1303445 9
3124 1547 154141 10
3150 1547 1039580 9
3176 1547 1450284 7
3202 1547 215897 8
3228 1547 949268 7
3254 1547 454052 1
3280 1547 268877 8
3306 1547 2097172 2
3332 1547 102923 3
3358 1547 18551 5
2722 1536 175295 5
3065 1524 90775 6
3111 1524 224031 1
3137 1524 680905 2
3163 1524 112490 8
3189 1524 67760 8
3215 1524 292955 8
3241 1524 263276 1
3267 1524 12674 9
3293 1524 13057 4
3345 1524 714968 9
2437 1523 500140 9
2964 1510 516008 3
2741 1504 283186 1
2430 1504 56747 2
3413 1498 55739 8
2997 1492 328402 10
2824 1485 652936 7
3020 1479 1960770 7
3390 1479 341829 9
3413 1472 79372 9
2837 1466 197814 4
2608 1466 357186 4
2997 1466 224254 7
3104 1466 328928 3
3130 1466 208278 5
3156 1466 123937 9
3182 1466 553001 5
3208 1466 240232 8
3234 1466 288598 7
3260 1466 218067 9
3286 1466 1157051 1
3312 1466 101893 4
3413 1446 82006 7
3078 1446 49312 3
3117 1443 1513764 5
3143 1443 100227 8
3169 1443 302969 4
3195 1443 40024 10
3221 1443 36810 4
3247 1443 782140 9
3273 1443 972830 2
2900 1440 82603 5
2691 1440 581629 6
2997 1440 141619 9
3332 1440 1742551 7
2437 1434 311866 1
3390 1433 1472862 2
3309 1427 66053 5
3020 1427 349407 4
2583 1421 822928 5
3078 1420 421858 10
3413 1420 270014 7
3283 1417 1833894 3
3127 1417 953187 8
2997 1414 496231 6
3332 1414 200118 10
3237 1409 933111 10
3199 1409 984296 4
3101 1407 324495 10
3390 1407 193708 2
3440 1402 988480 10
2951 1402 1291193 4
3020 1401 268620 10
3309 1401 869505 5
3413 1394 1726510 9
3078 1394 3310 5
3161 1390 164146 1
2997 1388 559269 1
3332 1388 1518639 5
2938 1383 923942 6
2875 1383 493502 2
3101 1381 607961 1
3390 1381 111274 10
3139 1375 318176 3
3020 1375 136005 7
3309 1375 585482 10
3413 1368 1004120 2
3078 1368 296176 4
2799 1364 1795675 5
3599 1364 324164 4
3332 1362 1291363 6
2997 1362 853039 7
3101 1355 446817 4
3390 1355 68545 9
3269 1352 325820 4
2919 1352 914602 7
2837 1352 410842 2
3020 1349 796768 7
3309 1349 126149 5
2875 1345 69810 4
3078 1342 189798 9
3413 1342 2279742 10
3484 1339 101514 1
2970 1339 242658 7
2997 1336 105884 9
3332 1336 757530 6
2913 1333 1640925 9
3101 1329 147409 8
3390 1329 1473366 8
3309 1323 25967 4
3243 1323 87555 1
3020 1323 297337 3
2957 1320 252960 4
3154 1320 80707 9
3078 1316 619315 3
3413 1316 1170117 2
3611 1313 177818 9
3332 1310 741615 3
2997 1310 40703 3
3101 1303 562682 9
3390 1303 72915 8
3309 1297 713174 6
3020 1297 754049 2
2849 1294 730037 2
2875 1294 1333516 6
2900 1294 1002799 5
3542 1294 1258735 5
3413 1290 5809 3
3078 1290 878480 6
3173 1288 705129 1
3332 1284 106318 9
2997 1284 1133131 2
3101 1277 913401 9
3390 1277 251521 7
3309 1271 321763 3
3020 1271 23139 1
2767 1269 20848 3
3078 1264 230254 1
3413 1264 94414 7
2602 1263 1251894 2
3127 1261 244692 2
3283 1261 53973 9
3332 1258 849993 1
2997 1258 589339 2
2881 1256 463997 10
2792 1256 1085148 1
2557 1256 845452 9
3101 1251 1641679 7
3390 1251 223814 3
3478 1250 781826 3
3020 1245 1199271 1
2919 1244 922715 3
2818 1244 935185 7
2519 1244 623400 3
3078 1238 736006 3
3413 1238 16471 3
3293 1235 334411 3
3267 1235 525149 7
3241 1235 973973 8
3215 1235 456516 4
3189 1235 460043 5
3163 1235 1326372 6
3137 1235 827671 1
2997 1232 58523 10
3332 1232 25283 7
2881 1225 596556 9
3098 1212 567413 5
3124 1212 746719 4
3150 1212 547310 8
3176 1212 951491 10
3202 1212 1121330 4
3228 1212 302093 3
3254 1212 115068 6
3280 1212 515248 9
3306 1212 226836 7
3413 1212 1093215 10
2589 1212 102384 8
2570 1212 760730 8
2997 1206 173614 9
3020 1199 348426 3
3390 1199 473067 3
3459 1199 1514231 8
3484 1199 276798 3
2659 1193 849183 6
3413 1186 1498174 5
2938 1180 657544 5
2997 1180 621091 1
3065 1154 238409 1
3117 1154 2802 2
3143 1154 634402 6
3169 1154 851485 6
3195 1154 682937 3
3221 1154 1007067 2
3247 1154 493579 7
3273 1154 198074 8
3299 1154 22582 10
3345 1154 517437 1
2926 1142 1483025 3
3052 1131 10808 1
3078 1131 683011 7
3104 1131 7900 10
3130 1131 116891 10
3156 1131 174000 10
3182 1131 410338 6
3208 1131 1018732 10
3234 1131 585920 8
3260 1131 447885 2
3286 1131 253485 10
3312 1131 779668 6
3338 1131 507855 3
3364 1131 1360691 9
2741 1129 109849 10
2862 1123 249714 10
3065 1098 557396 7
3034 1091 267817 10
2875 1079 1662 3
2792 1040 758716 8
2900 1028 415586 3
2837 1021 382100 10
2945 1015 13912 8
2862 1009 440356 3
2938 831 2545 4
3072 932 816647 2
3059 952 387734 4
3034 964 646807 5
3065 971 11783 1
3091 990 37408 2
3205 983 495557 10
3408 875 39914 7
3459 920 74919 8
3510 1015 263741 8
3364 1015 253626 5
3383 1028 138040 9
3497 1028 28540 5
3396 1053 1175015 9
3294 1053 109314 4
3516 1072 307680 3
3218 1098 970026 5
3567 1104 82080 4
3554 1123 130958 6
3396 1123 367981 3
3548 1142 1466551 5
3529 1155 399322 2
3408 1161 466296 3
3472 1174 124759 1
3694 1301 195565 5
3745 1275 1287920 2
3745 1021 137626 3
