15 20
13 18 14 10 13 10 16 13 13 9 7 14 20 13 17
0 1 0 0 2 0 0 1 0 0 0 2 1 2 0
0 1 0 0 1 0 0 1 0 0 0 0 1 1 0
0 0 0 1 1 0 0 0 2 0 0 0 0 0 1
0 0 1 0 0 0 0 0 2 1 0 0 0 1 1
0 1 0 1 0 0 0 0 0 1 0 0 0 0 0
1 0 0 1 1 0 1 0 2 0 1 1 1 0 1
0 0 0 1 0 0 0 1 0 0 0 0 1 0 0
0 1 1 1 1 0 0 0 2 0 0 0 0 1 2
0 1 2 0 0 0 0 0 0 1 1 0 1 0 0
0 1 0 1 0 0 1 0 0 0 1 0 0 0 0
0 1 1 0 0 0 0 1 2 0 0 2 0 0 0
0 0 2 0 0 0 0 0 0 0 1 0 2 0 0
1 0 0 0 0 0 0 0 1 0 0 1 0 0 0
0 1 0 2 0 1 0 0 1 0 2 2 0 0 0
0 0 0 1 0 0 0 1 0 0 0 5 0 0 0
0 0 0 1 1 0 0 1 0 0 0 1 0 1 0
1 0 1 0 0 1 0 2 0 0 0 0 1 0 0
0 0 0 1 0 0 0 0 1 1 1 0 0 0 1
1 2 0 0 0 1 0 1 1 0 1 1 1 0 0
0 0 0 0 0 1 0 0 0 0 1 0 1 0 0
