25 40
20 18 24 19 20 31 17 16 15 21 20 17 12 30 16 16 26 13 28 20 17 18 23 22 21
2 0 1 0 1 2 0 0 0 0 0 0 1 2 0 0 0 0 0 0 0 1 0 0 0
0 0 2 0 3 0 1 0 1 1 2 0 0 0 1 0 0 0 0 0 0 0 3 0 1
1 0 1 1 2 0 2 0 2 4 1 0 1 0 0 0 0 0 0 1 0 0 1 0 0
0 0 0 0 0 1 2 1 1 2 0 1 0 1 0 0 2 0 0 1 0 0 2 0 0
0 0 0 1 0 1 0 0 0 1 0 0 0 0 0 0 0 1 1 1 1 0 0 0 3
0 1 0 0 0 0 0 0 2 0 1 0 0 1 0 0 0 0 1 0 2 0 0 0 0
0 0 0 0 0 0 0 0 0 0 0 1 0 0 0 0 0 0 0 0 0 0 0 0 0
0 3 0 0 0 0 0 1 0 0 0 1 1 1 0 0 0 0 0 0 0 1 1 0 0
0 0 0 0 0 0 0 0 0 0 0 0 1 0 0 3 1 0 1 1 0 0 0 0 0
0 0 2 0 2 0 0 0 0 0 0 0 0 0 0 0 1 0 0 0 0 0 0 0 0
0 1 0 0 1 0 0 0 0 0 0 0 1 0 0 1 0 0 1 0 1 1 2 0 1
1 0 0 0 1 0 1 1 0 2 0 0 0 2 0 1 0 0 0 0 0 0 0 0 0
0 0 1 0 0 0 0 0 0 0 0 1 0 0 0 1 0 0 1 1 0 0 0 1 0
0 0 0 0 0 0 0 0 0 0 0 0 1 1 1 0 1 1 2 0 0 0 2 1 0
0 0 0 0 0 0 0 0 0 0 0 0 0 0 1 0 0 0 1 1 0 0 0 0 0
1 0 0 0 1 0 1 1 1 1 1 1 0 0 0 0 0 0 0 1 0 0 0 1 0
0 0 1 1 0 1 0 0 0 1 0 2 0 0 0 1 2 0 0 1 0 0 1 1 1
0 0 2 1 0 0 0 1 2 0 1 1 0 2 1 1 0 1 1 0 0 0 0 0 1
0 0 0 1 1 1 0 0 0 1 0 0 0 0 0 0 0 0 0 0 0 0 0 0 1
0 0 1 1 0 0 0 0 0 1 0 0 0 0 1 0 0 0 0 0 0 1 0 0 0
0 2 2 0 0 0 0 1 0 0 1 0 0 1 0 0 0 0 0 0 0 0 1 0 2
0 1 0 0 1 0 1 1 0 0 0 0 1 0 0 1 0 0 0 0 0 0 1 1 0
1 0 1 0 1 1 0 0 0 0 1 0 1 0 1 1 0 0 0 0 0 0 0 0 1
0 1 0 0 1 0 0 0 0 0 2 0 0 0 1 0 0 0 1 1 0 0 2 0 0
0 1 0 0 0 0 0 0 1 0 0 0 0 0 1 0 0 0 0 1 1 0 2 0 1
0 1 0 0 0 0 0 0 0 0 0 0 0 1 0 0 1 1 0 1 0 1 0 0 0
2 0 0 0 1 0 0 0 0 1 0 1 0 1 0 0 1 0 1 0 0 0 1 0 0
0 0 0 0 0 0 0 1 0 2 0 0 0 0 0 0 0 0 0 1 0 1 0 0 0
1 0 0 1 1 1 1 0 0 1 0 1 0 0 0 0 0 2 0 0 0 0 1 0 0
0 0 0 0 0 0 1 0 0 1 0 0 0 0 0 1 0 0 0 0 0 0 1 0 0
0 1 1 0 0 1 1 0 0 2 0 1 0 0 1 1 0 0 1 1 0 0 1 0 0
1 2 1 0 0 1 1 1 0 0 0 0 2 0 0 1 0 2 0 0 1 0 1 0 0
0 1 0 2 0 1 0 0 1 0 0 1 3 0 1 0 0 2 0 1 2 1 0 0 0
0 0 1 0 0 1 0 0 1 0 1 0 1 1 0 2 0 0 0 0 0 1 0 1 1
0 0 0 1 0 0 1 0 0 0 1 0 1 0 0 0 1 1 1 1 0 0 0 0 1
1 1 0 0 1 0 2 0 1 0 1 0 0 0 1 1 0 1 0 1 0 1 0 1 1
0 0 1 0 0 0 0 0 0 1 0 1 0 1 0 0 1 0 1 0 0 0 1 1 0
1 2 0 0 1 0 0 2 1 0 1 0 0 0 0 0 1 0 3 0 2 0 0 0 0
0 1 0 0 0 0 0 0 0 2 0 3 0 0 0 0 0 0 0 1 0 0 1 0 0
0 0 1 0 0 0 1 0 0 0 0 1 2 0 0 0 0 0 0 1 0 1 2 0 0

