20
168 232 193 173 97 381 206 292 442 370 211 278 327 340 312 193 214 59 257 250
186 249 198 168 227 261 220 192 249 250 237 309 235 322 182 321 221 228 94 333
19 162 90 464 90 130 188 102 111 77 120 169 120 107 140 37 198 128 95 278
8 277 168 26 187 78 181 158 203 185 215 155 201 88 51 82 120 113 256 146
0 64 136 5 91 375 38 124 286 253 231 247 210 290 257 63 46 53 244 82
236 0 72 117 307 611 219 60 498 392 277 386 349 325 265 252 282 289 409 318
164 228 0 45 235 539 202 288 450 320 205 314 277 314 193 180 210 217 337 246
445 458 511 0 494 778 483 518 679 389 529 532 524 539 528 427 491 456 456 499
71 135 96 76 0 446 109 195 355 324 301 318 281 359 264 134 117 124 290 153
111 161 125 116 120 0 135 221 61 233 90 227 190 65 263 93 157 164 259 193
194 26 98 143 238 482 0 86 279 316 225 310 273 283 250 176 240 247 342 276
176 240 12 57 247 551 214 0 462 332 217 326 289 265 205 192 222 229 349 258
215 100 172 217 275 556 74 160 0 337 299 331 294 4 324 197 261 268 363 297
58 122 194 63 105 389 96 182 344 0 289 305 268 332 252 121 104 67 265 140
101 165 35 80 30 476 139 225 378 207 0 225 188 162 200 91 143 154 186 179
150 214 201 155 197 481 188 189 436 92 381 0 49 349 91 213 196 159 357 232
101 165 183 106 148 432 139 171 387 43 332 37 0 300 73 164 147 110 308 183
296 181 253 298 356 637 155 241 434 418 380 412 375 0 390 278 342 349 444 378
121 185 110 126 212 435 159 98 407 145 315 157 206 358 0 184 167 174 350 203
18 82 154 23 78 393 56 142 304 271 249 265 228 308 275 0 64 71 262 100
231 200 250 203 245 559 269 260 421 257 215 251 214 281 270 294 0 284 198 36
109 173 134 114 38 322 147 233 383 320 339 302 277 281 270 172 155 0 198 191
76 96 55 81 167 451 114 156 317 217 260 134 183 83 72 139 122 129 0 137
292 356 382 297 339 523 330 416 578 234 347 482 502 493 486 355 338 301 499 0
206 192 30 188 59 120 200 174 231 82 219 255 180 265 176 214 237 244 270 165
154 128 211 386 240 211 242 304 202 318 190 346 271 201 204 379 473 319 206 377
82 56 194 314 223 139 170 338 130 246 118 274 199 129 132 307 401 279 297 329
489 441 475 561 504 386 466 521 465 527 503 521 446 376 500 426 630 408 505 558
178 152 101 259 130 191 123 245 226 153 214 326 251 225 85 260 308 315 341 236
164 181 127 227 156 52 132 271 201 193 189 187 112 42 205 269 348 149 326 276
180 154 45 182 21 135 215 136 193 121 181 270 195 227 207 352 431 342 232 158
94 68 206 326 235 151 182 350 142 258 130 286 211 141 144 319 413 259 309 341
103 228 66 256 95 156 236 210 267 195 255 291 216 301 281 373 421 365 306 232
100 191 88 246 117 178 228 132 189 140 177 313 238 323 190 272 295 302 315 223
117 91 131 289 160 50 59 263 165 183 153 114 39 128 115 196 338 277 324 257
192 30 180 338 209 266 274 183 28 232 16 389 326 330 282 352 387 177 407 315
143 67 131 289 160 221 271 175 65 183 53 356 281 312 233 315 338 214 358 266
99 292 147 337 176 237 317 291 327 276 336 372 297 382 362 454 533 464 314 313
192 166 151 309 180 175 255 253 185 203 173 310 235 239 242 320 358 334 391 286
224 210 48 206 77 138 201 192 249 100 237 273 198 283 163 232 255 186 288 183
190 281 261 172 290 265 274 389 207 313 267 313 254 343 242 168 468 356 356 300
216 190 139 297 168 229 161 283 207 191 252 364 289 263 123 262 245 252 379 274
137 111 106 264 135 185 82 250 9 158 150 320 245 184 44 64 313 158 252 196
322 355 322 304 351 397 406 366 423 374 411 445 386 475 424 506 529 536 537 457
0 193 379 531 408 469 414 313 267 475 255 469 394 544 462 469 603 416 215 266
328 0 288 446 317 312 320 390 74 340 62 435 372 376 379 322 410 223 510 423
188 162 0 190 29 90 170 144 201 129 189 225 150 235 215 307 386 317 240 166
18 134 174 0 203 93 102 306 208 226 196 141 82 171 158 239 381 320 233 284
179 174 66 161 0 156 236 115 172 100 160 291 216 248 228 373 452 321 253 179
260 205 89 247 118 0 80 233 203 141 191 135 60 271 204 217 296 227 274 224
304 263 192 350 221 103 0 204 176 244 249 238 163 351 211 137 399 325 325 269
150 59 203 361 232 293 225 0 57 255 45 418 353 327 187 362 410 206 365 338
254 229 214 372 243 238 246 316 0 266 236 361 298 302 305 383 421 149 454 349
205 171 17 207 46 107 187 161 169 0 157 242 167 252 232 324 403 318 257 83
266 14 226 384 255 250 258 328 12 278 0 373 310 314 317 336 424 161 466 361
147 183 178 336 207 164 154 225 81 230 222 0 153 242 116 136 385 230 324 268
222 258 212 334 241 123 20 224 156 264 269 75 0 317 191 157 419 305 345 289
203 186 99 185 128 10 90 243 213 151 201 145 70 0 214 227 306 237 284 234
93 67 62 220 91 141 38 206 141 114 129 276 201 140 0 175 269 276 302 197
167 141 93 251 122 183 112 237 39 145 180 318 243 214 74 0 300 188 188 132
112 87 120 215 54 207 104 169 85 154 73 203 267 302 282 241 0 7 183 233
105 154 289 447 318 200 97 301 152 341 140 212 260 448 308 234 496 0 320 243
248 157 301 316 330 302 199 98 155 353 143 254 179 425 285 254 508 304 0 386
224 205 157 315 186 247 217 301 277 209 265 382 307 278 272 341 364 295 397 0
393 413 415 340 415 659 387 428 387 475 574 487 536 232 330 375 359 446 418 395
258 322 247 263 346 572 296 235 408 282 452 294 343 412 137 300 304 311 352 340
149 34 106 151 209 490 8 94 287 271 233 265 228 273 258 131 195 202 297 231
144 139 78 123 73 519 182 199 405 234 43 268 231 189 243 134 186 197 213 222
215 47 119 164 217 461 21 107 300 337 204 331 294 304 235 197 261 268 363 297
59 123 178 64 119 434 97 183 345 181 143 175 138 183 211 41 105 112 207 141
162 169 222 167 222 537 200 229 390 284 246 278 241 250 141 144 208 215 167 210
173 237 198 178 102 346 211 218 407 265 403 277 326 382 120 236 219 226 392 255
184 248 173 189 275 498 222 161 470 208 378 220 269 409 63 247 230 237 413 266
166 51 123 168 226 507 25 111 204 288 250 282 245 208 175 148 212 219 314 248
196 260 185 201 284 510 234 173 422 220 390 232 281 421 75 238 242 249 366 278
148 168 127 153 144 482 186 228 383 93 114 206 255 48 144 205 194 160 72 209
182 189 202 187 219 557 220 249 410 168 189 281 261 123 161 164 228 235 147 230
69 133 188 74 129 444 107 193 355 191 153 185 148 193 221 51 115 122 217 151
32 96 11 37 123 407 70 156 318 285 216 279 242 288 179 95 78 85 205 114
63 32 85 68 154 438 101 92 253 206 290 164 163 113 102 126 109 116 30 73
207 101 173 88 254 515 75 161 354 149 258 57 106 251 148 248 253 216 271 289
259 266 319 264 319 605 297 313 364 216 326 124 173 260 215 241 305 283 264 307
271 286 296 125 200 444 309 316 505 347 359 375 358 302 218 334 144 324 284 180
127 191 149 132 187 502 165 190 121 237 354 249 298 125 92 109 173 180 371 209
