50
336 564 294 311 324 269 311 344 245 293 351 359 415 226 207 337 336 367 305 359 295 225 362 363 290 238 525 294 339 435 372 381 422 196 264 314 495 308 405 334 339 299 336 481 383 467 312 380 293 355
440 346 411 320 334 242 361 246 330 383 431 331 391 302 335 403 292 274 275 246 410 278 311 326 439 322 292 345 327 268 239 279 386 71 324 393 345 359 235 339 266 417 414 315 365 437 375 275 251 130
360 219 135 64 283 362 206 146 292 280 259 263 299 209 168 134 163 220 361 203 12 292 211 335 222 508 163 124 284 196 281 219 389 179 154 121 251 185 483 95 266 285 201 186 190 402 187 186 125 20
306 219 270 202 380 438 161 172 141 88 254 300 336 320 226 138 119 216 154 300 344 222 210 208 220 178 245 146 172 150 179 156 418 340 234 223 166 222 396 248 386 187 205 329 128 352 264 225 336 281
0 440 251 316 334 299 456 214 295 268 308 369 335 260 308 226 324 256 262 229 348 370 337 373 247 358 359 296 412 391 322 317 432 352 274 348 429 351 69 285 260 301 161 401 420 455 322 234 303 340
248 0 253 163 133 173 255 153 200 193 199 185 241 49 179 97 145 127 160 168 207 169 16 172 165 217 301 103 288 35 198 286 248 306 73 137 235 220 237 156 165 108 241 329 236 276 138 203 102 199
164 372 0 71 129 234 251 146 235 212 86 229 148 93 223 158 172 188 206 161 123 165 255 233 191 133 285 130 269 149 206 242 288 271 134 181 230 136 233 40 200 135 105 216 211 303 178 159 129 115
93 335 242 0 58 197 180 109 164 309 157 187 307 146 203 121 101 151 148 124 52 94 239 253 133 62 214 59 225 286 135 250 217 262 157 178 301 65 162 180 129 64 205 287 140 232 107 227 58 44
312 490 382 226 0 316 406 288 305 425 238 285 293 148 278 300 327 330 343 303 271 320 337 203 328 288 440 254 388 301 298 394 436 423 289 236 382 284 289 195 270 259 390 368 359 441 326 311 284 270
391 481 403 311 281 0 403 280 290 453 159 276 333 180 310 228 293 258 311 295 350 317 328 320 296 360 432 251 255 166 289 315 379 344 221 268 303 241 329 287 296 256 346 289 316 424 269 232 250 342
235 306 267 142 200 168 0 80 147 289 194 238 199 164 141 92 190 122 198 95 194 236 236 292 183 204 356 160 278 257 188 70 317 216 215 236 295 104 195 151 124 165 25 324 179 321 249 98 173 186
175 226 187 102 124 88 246 0 231 209 114 158 219 84 94 12 110 42 118 15 134 160 156 264 103 144 296 94 198 177 108 201 299 236 165 156 215 147 215 71 196 99 102 244 222 241 189 118 93 126
305 384 345 260 194 246 316 158 0 367 219 274 326 242 252 170 129 200 276 173 289 230 306 317 261 302 339 204 287 335 197 305 376 290 218 314 363 302 322 229 293 209 260 349 348 260 266 276 247 284
309 368 202 216 186 154 308 142 221 0 239 286 261 149 236 154 198 184 213 157 268 222 69 225 198 278 408 156 340 302 250 243 433 278 126 237 357 277 138 196 186 161 87 369 352 329 323 160 155 260
288 414 283 195 168 235 290 188 186 346 0 294 174 215 196 200 180 189 224 203 247 204 278 350 209 227 390 135 318 325 248 156 403 185 269 254 144 190 170 221 151 140 290 130 265 311 302 73 137 239
292 205 289 199 64 265 291 189 158 381 35 0 209 212 231 201 181 219 196 204 251 205 52 208 213 261 391 139 103 240 13 191 392 220 109 258 179 225 205 256 186 144 291 165 300 312 282 108 138 243
328 443 254 255 253 181 375 217 298 271 267 311 0 237 247 165 265 195 265 232 287 289 309 292 250 297 362 223 329 330 261 320 321 355 193 269 368 300 334 224 263 228 164 313 375 396 325 237 222 279
238 364 320 145 160 168 282 222 242 277 194 159 281 0 130 234 214 264 222 237 197 196 211 241 207 207 359 172 262 326 172 341 300 375 142 88 302 210 279 244 207 177 293 324 284 345 190 258 171 189
197 405 305 104 162 206 284 179 268 328 232 276 337 202 0 130 150 160 252 194 156 198 274 338 237 166 318 163 308 295 218 244 321 354 239 274 333 169 266 189 233 168 221 362 244 281 211 236 162 148
163 351 175 90 127 76 250 199 219 349 102 146 207 72 82 0 191 30 219 214 122 164 144 252 204 132 284 149 224 165 159 189 287 224 153 144 203 135 203 59 184 154 275 232 210 322 177 106 148 114
204 255 216 131 119 117 271 29 199 238 90 145 240 113 123 41 0 71 147 44 163 185 185 188 132 173 210 119 158 206 68 230 247 265 89 185 234 176 236 100 164 124 131 220 235 131 137 147 118 155
249 399 357 156 214 46 272 231 302 380 205 194 290 226 52 182 202 0 304 246 208 250 246 366 289 218 370 215 194 212 207 272 373 307 267 301 349 221 286 241 267 220 273 335 296 333 263 189 214 200
402 453 414 329 317 207 467 227 374 436 288 258 343 229 321 239 198 269 0 242 361 381 310 362 330 371 408 315 305 373 266 359 387 394 285 317 386 374 373 298 339 320 254 418 249 329 333 276 314 353
232 350 236 139 109 212 231 124 274 329 149 238 262 101 218 136 95 166 103 0 191 145 280 283 88 201 305 79 253 301 163 301 342 334 184 189 293 204 258 195 239 84 226 249 279 226 232 222 78 183
41 391 230 134 160 184 242 204 117 277 131 186 256 95 190 108 196 138 97 219 0 156 238 201 82 196 348 74 199 273 109 287 165 316 124 183 275 13 110 167 82 79 199 261 88 261 55 204 153 178
321 392 353 228 274 179 86 166 233 375 245 300 285 250 227 178 276 208 284 181 280 0 322 332 269 290 442 246 313 343 223 156 403 302 301 322 381 190 281 237 210 122 111 375 265 304 335 184 259 272
240 363 237 147 117 213 239 137 281 337 219 246 279 174 219 149 129 167 144 152 199 153 0 156 161 209 339 87 287 314 197 281 364 290 57 206 349 212 275 208 246 92 239 349 287 260 254 198 86 191
364 307 376 291 304 277 426 307 322 399 136 347 310 213 283 201 316 231 344 322 323 340 323 0 329 333 465 271 286 199 297 292 412 321 254 301 280 326 306 260 287 150 292 266 400 332 302 209 273 315
251 377 148 158 173 181 295 235 186 290 61 172 174 13 143 247 213 250 15 250 210 209 224 254 0 220 372 135 275 297 185 217 313 246 155 101 205 223 170 188 151 140 191 191 264 322 203 134 184 202
537 739 447 464 468 495 564 539 526 648 394 534 568 379 360 490 510 520 458 554 496 538 407 563 443 0 637 494 492 457 547 550 661 349 464 467 257 509 564 461 491 499 541 370 576 641 551 467 493 488
192 323 28 99 77 76 199 97 210 240 85 196 176 37 167 109 89 139 39 112 151 113 248 261 24 161 0 47 224 177 157 241 313 250 162 125 229 164 194 68 175 52 133 215 175 220 206 158 46 143
153 388 222 60 118 199 190 162 224 250 135 190 248 87 215 149 161 163 89 177 112 154 242 215 74 122 274 0 285 235 195 260 277 320 173 119 279 125 222 195 189 5 172 265 200 187 167 208 118 104
313 431 308 220 169 260 313 211 211 371 25 226 199 219 221 223 203 214 221 226 272 227 278 230 206 252 413 160 0 325 239 181 289 210 131 279 169 215 195 246 176 165 297 155 243 334 179 98 160 264
225 355 237 145 115 138 237 135 165 291 164 150 206 14 144 62 127 92 145 150 184 151 202 154 130 194 266 85 253 0 163 251 213 286 55 102 200 197 202 121 130 90 206 294 201 258 103 168 84 176
310 282 305 217 51 257 312 210 145 368 22 77 196 199 218 222 202 211 246 225 269 226 129 254 231 249 412 157 90 317 0 178 379 207 186 269 166 212 192 243 173 162 312 152 287 333 269 95 159 261
248 412 305 155 181 289 285 225 246 237 152 207 234 170 253 237 217 249 172 240 207 241 259 222 157 217 369 95 220 330 130 0 247 251 145 214 296 34 230 249 211 100 223 282 109 282 193 133 174 199
424 481 442 331 345 343 497 255 425 464 277 371 451 339 349 267 226 297 373 270 383 411 411 320 358 393 436 345 384 340 294 376 0 462 315 411 421 396 447 300 390 110 357 407 461 292 363 350 344 375
208 394 98 115 173 146 295 190 272 299 155 189 246 30 11 141 161 171 109 205 167 209 241 271 94 42 329 174 143 247 202 255 330 0 172 118 299 180 264 138 237 179 192 285 255 292 220 228 173 159
183 306 252 90 60 168 182 80 224 280 162 189 278 117 174 92 72 122 119 95 142 96 236 99 104 152 282 30 230 257 140 252 307 233 0 149 295 155 252 151 189 35 182 292 230 203 197 198 29 134
150 354 252 57 114 80 236 134 164 324 184 149 205 142 228 146 126 176 144 149 109 150 165 153 129 119 271 84 228 246 162 253 212 287 54 0 328 122 201 205 129 89 205 262 197 257 102 170 83 101
280 482 266 235 211 314 307 344 269 429 312 277 324 198 179 309 329 339 277 359 239 281 261 361 262 210 380 285 301 398 290 306 404 168 292 261 0 252 320 204 234 290 332 113 319 460 294 223 293 231
214 378 271 121 147 260 251 191 221 311 118 173 262 136 219 203 183 224 138 206 173 207 225 188 123 183 335 61 186 296 96 274 213 303 111 180 262 0 258 215 186 66 189 248 75 248 159 191 140 165
512 575 536 419 450 437 572 349 256 416 431 483 546 401 443 361 385 391 467 364 471 486 485 508 452 481 547 439 529 494 453 550 566 546 409 489 446 484 0 388 221 444 451 497 428 516 457 467 438 463
124 366 273 31 89 228 211 140 195 340 188 189 245 177 234 152 132 182 179 155 83 125 215 193 164 93 245 90 256 288 166 281 248 293 94 209 332 96 193 0 160 95 236 312 171 263 138 258 89 75
303 354 315 230 229 216 351 128 35 195 242 283 339 212 222 140 164 170 246 143 262 265 264 287 231 272 326 218 322 305 232 329 346 325 188 284 343 275 333 199 0 223 230 372 334 295 236 246 217 254
314 383 344 221 255 245 401 157 353 366 167 315 341 241 251 169 267 199 275 172 273 315 313 210 260 283 435 251 355 230 265 323 438 352 284 313 311 286 337 190 318 0 259 297 361 182 328 240 250 265
230 281 242 157 179 143 301 55 134 264 169 213 174 139 149 67 165 97 173 70 189 215 211 319 158 199 351 135 253 232 163 156 354 191 220 211 270 190 170 126 99 140 0 299 265 296 244 73 148 181
215 457 347 122 180 319 194 231 286 431 279 280 336 268 325 243 223 273 270 246 174 216 306 278 255 184 336 181 347 379 257 264 339 384 179 300 261 187 284 91 251 186 219 0 262 354 229 292 180 166
219 336 234 126 96 204 218 116 146 306 143 131 187 124 144 128 108 158 126 131 178 132 183 113 111 188 318 66 118 230 144 270 138 269 36 185 287 191 183 140 111 71 114 273 0 239 84 187 65 170
431 574 364 338 328 436 450 348 329 489 297 392 317 344 438 360 340 390 357 363 390 364 444 367 342 400 550 278 405 360 315 453 432 482 268 397 372 219 313 361 294 283 408 427 294 0 378 370 297 382
216 381 175 143 180 129 187 155 62 222 88 199 201 40 135 53 147 83 42 170 175 101 197 237 27 185 337 162 239 218 149 242 110 273 182 128 232 188 197 112 27 167 144 218 263 278 0 159 201 167
215 424 216 122 180 162 252 198 113 273 189 252 101 148 129 210 223 116 151 213 174 216 304 277 136 160 336 62 261 252 213 83 330 118 228 181 240 117 97 211 78 67 234 319 192 249 229 0 180 166
154 365 223 61 31 198 153 163 225 251 136 160 249 88 204 122 162 152 90 178 113 67 212 216 75 123 275 1 263 236 173 223 278 321 174 120 280 126 223 181 190 6 173 266 201 188 168 209 0 105
49 348 198 142 14 181 136 212 125 285 113 143 264 103 187 105 204 135 105 227 8 50 195 209 90 18 170 82 181 270 91 206 173 298 132 191 257 21 118 164 90 87 161 243 96 269 63 186 161 0
390 333 368 277 379 341 272 256 219 272 452 315 457 312 345 454 477 284 232 296 299 288 321 328 410 242 302 234 316 278 249 313 425 303 363 403 194 334 265 112 276 387 371 345 435 447 323 285 261 315
266 169 221 201 276 214 143 72 158 143 254 235 345 128 161 253 295 83 294 201 170 104 120 135 379 148 118 105 136 77 65 102 241 311 179 219 154 254 139 206 75 356 262 217 333 246 194 101 77 220
247 190 248 26 229 229 67 116 151 198 207 76 356 172 201 231 339 110 176 236 154 148 116 139 335 145 232 89 163 104 179 146 226 152 223 303 126 258 200 56 136 312 149 261 329 273 81 145 121 182
203 266 177 261 317 158 167 158 114 167 295 259 285 155 130 160 346 39 223 165 194 190 45 91 403 214 202 129 92 33 165 143 249 294 193 232 110 210 163 162 158 380 220 243 258 202 218 187 163 184
366 268 403 321 375 299 122 271 293 253 353 378 456 228 349 379 483 265 449 306 209 294 271 286 487 200 318 144 318 259 265 201 372 361 378 419 268 405 282 341 291 464 301 362 445 428 233 300 276 325
233 300 369 332 401 314 274 203 248 274 385 62 363 259 292 401 337 231 417 291 195 235 268 283 408 240 249 236 284 225 196 233 372 138 310 350 302 402 270 297 223 385 222 348 410 394 325 232 208 175
256 176 258 227 235 176 138 197 85 138 318 179 321 181 272 302 329 181 253 148 165 229 187 192 274 106 267 100 234 175 254 217 164 255 304 271 199 311 134 133 217 251 257 214 78 300 189 226 202 167
176 191 224 152 260 129 58 147 5 58 238 150 278 101 212 242 370 141 173 232 85 179 111 126 294 126 227 20 194 135 174 137 257 226 254 272 119 245 54 53 167 271 177 134 324 256 109 176 152 210
265 349 205 310 412 287 216 200 163 216 396 308 351 217 289 323 182 228 331 1 243 232 181 236 304 233 230 178 120 222 193 288 369 189 307 331 138 310 212 211 220 429 282 292 255 391 267 229 205 20
318 236 274 228 305 141 123 269 147 200 354 216 383 229 311 306 403 136 183 222 210 211 173 188 336 168 299 145 189 130 262 202 346 254 321 367 207 66 196 195 128 313 302 276 361 299 234 295 251 241
316 335 256 202 393 155 243 251 193 180 371 297 296 268 293 288 258 118 264 187 273 280 155 167 249 81 281 208 171 112 244 219 325 335 303 327 189 286 201 241 271 226 63 216 326 281 257 277 256 96
81 219 257 237 397 190 186 216 194 190 375 327 219 33 294 289 293 119 299 159 273 194 156 171 284 116 282 208 172 113 245 223 329 347 299 362 190 290 231 242 111 261 98 251 361 282 292 245 221 131
329 344 341 280 382 282 211 259 158 211 386 243 431 254 348 373 480 203 235 299 238 291 240 255 413 245 305 173 256 197 252 234 405 306 366 406 197 337 147 115 195 390 330 227 438 366 262 288 264 318
240 120 290 253 227 165 231 124 227 280 205 230 314 102 203 305 335 152 301 243 258 146 147 204 429 190 170 193 205 146 117 53 224 306 231 271 223 322 134 275 144 340 257 214 360 315 258 153 129 262
286 309 281 331 378 35 176 221 123 176 356 268 184 219 234 264 444 143 292 269 203 253 149 195 412 244 267 138 196 137 214 247 255 344 193 336 159 314 172 172 241 210 295 252 362 306 227 250 226 288
227 179 267 201 248 117 46 135 204 46 226 138 266 89 200 230 358 129 293 220 73 167 115 181 282 114 226 8 182 123 173 125 245 214 242 302 192 300 42 231 155 259 165 122 328 244 97 164 140 198
136 220 216 181 289 158 87 71 34 87 267 179 274 88 160 269 294 99 202 200 114 103 136 151 323 147 117 49 131 93 64 166 240 255 178 218 9 270 83 82 91 300 153 163 339 262 138 100 76 186
275 346 333 318 430 87 228 249 175 228 408 108 236 227 286 316 383 195 344 303 241 281 201 247 307 197 295 190 248 189 242 266 307 184 245 388 211 366 12 224 269 262 268 92 350 214 279 278 254 221
283 349 106 323 456 356 285 267 232 285 434 269 358 286 335 330 480 160 400 355 312 299 332 347 452 284 131 247 329 289 262 282 436 345 374 232 207 466 281 280 287 429 351 361 514 458 336 296 272 318
231 221 209 262 328 209 182 166 129 182 306 274 369 183 255 299 367 178 217 275 209 198 96 111 375 169 212 144 226 172 159 154 269 288 244 257 104 230 178 177 186 375 212 258 309 326 233 195 171 205
177 215 203 235 322 220 154 106 101 154 300 246 233 129 78 108 299 134 211 118 181 138 171 106 378 163 176 116 187 128 212 148 264 282 213 180 190 225 150 150 126 357 194 230 257 209 205 135 111 137
291 262 344 313 321 64 224 283 171 224 404 241 407 243 358 388 415 267 339 234 251 315 273 278 360 192 353 186 320 261 313 303 161 317 99 357 285 379 220 219 303 337 308 300 164 278 275 312 288 253
265 167 205 263 345 217 195 200 142 138 323 275 403 217 242 237 375 67 290 262 222 142 104 119 374 186 230 157 120 61 193 171 277 351 252 330 138 238 179 190 59 351 282 259 317 230 246 226 205 213
365 240 344 338 440 291 247 236 194 247 418 339 253 290 325 424 394 254 363 323 274 268 291 303 385 217 282 209 307 248 229 266 335 415 343 383 325 422 243 243 256 362 199 184 462 392 131 265 241 232
253 133 121 174 240 178 215 137 240 241 218 224 295 115 216 318 319 165 129 187 271 159 160 167 310 81 146 206 218 159 130 66 237 200 244 169 222 286 147 204 157 287 124 227 326 328 229 166 142 157
615 498 564 473 381 268 514 494 483 420 359 523 415 481 574 604 652 474 428 527 563 525 489 526 643 475 540 498 527 468 487 432 378 499 553 567 519 645 461 492 466 570 303 456 642 491 389 523 496 490
225 157 145 54 257 94 95 144 102 155 235 104 319 139 202 197 295 27 9 211 182 176 64 79 334 105 170 117 80 21 153 90 237 80 179 193 98 198 42 84 164 311 148 122 277 190 109 173 77 139
263 207 195 248 258 218 195 155 167 195 236 261 345 133 190 220 288 99 203 225 222 177 105 32 384 155 201 157 152 93 148 84 190 274 253 243 170 151 165 215 175 361 198 245 268 247 167 184 160 126
307 339 279 227 418 180 268 113 216 205 396 282 116 169 202 311 283 141 289 212 296 145 178 192 274 106 304 231 194 135 267 244 282 358 220 335 212 311 226 248 133 251 88 241 351 304 257 142 118 121
231 134 203 166 241 179 108 37 140 108 219 200 310 93 126 235 260 65 259 166 135 69 102 117 344 113 83 70 118 59 30 67 206 276 144 184 136 236 104 188 57 321 227 182 305 228 159 66 42 185
68 296 278 224 408 177 173 203 215 202 386 319 206 20 292 310 280 140 286 146 260 235 177 189 271 103 303 195 193 134 266 241 347 334 310 349 211 308 223 263 188 248 85 238 348 303 279 232 208 118
198 290 188 256 353 240 283 127 230 283 331 296 254 150 216 315 340 155 286 247 310 159 192 127 309 141 213 245 208 149 243 179 285 357 234 201 226 246 260 278 147 286 215 272 363 230 262 156 132 178
362 381 442 407 489 384 313 297 260 313 467 405 500 314 386 491 520 325 428 426 340 329 362 377 526 358 343 275 357 319 290 392 295 481 404 444 235 496 309 308 317 342 340 389 565 352 272 326 302 373
270 150 215 124 257 46 165 154 134 187 235 174 195 132 233 275 365 154 79 273 214 176 160 206 404 175 200 149 207 148 147 83 254 150 204 263 170 325 112 143 174 221 218 192 373 317 179 183 147 209
208 237 148 232 288 160 138 143 85 138 266 230 346 160 185 180 318 10 233 205 165 172 47 62 374 185 173 100 63 4 136 114 220 304 195 273 81 181 134 133 2 351 225 214 260 173 189 169 148 156
230 262 202 165 139 211 192 36 139 192 117 142 309 92 125 217 259 64 258 165 219 68 101 116 341 112 82 154 117 58 29 168 136 218 143 183 135 235 46 187 56 323 247 126 304 227 180 65 41 184
358 318 383 292 393 11 333 280 302 163 371 342 158 300 317 347 451 274 247 270 382 312 232 317 399 231 343 317 327 268 290 251 390 318 372 310 338 436 280 290 264 376 46 199 385 437 347 309 285 289
164 256 244 222 319 254 249 93 196 249 297 262 220 116 182 281 306 121 252 222 276 125 158 93 367 169 262 211 174 115 209 145 251 323 200 167 192 212 226 244 113 344 181 238 329 196 228 122 98 144
507 264 461 501 465 457 375 391 354 407 555 499 582 447 480 579 438 419 522 257 402 423 437 471 560 453 355 337 376 413 384 454 560 445 498 456 329 466 403 402 411 620 430 483 396 582 426 420 396 276
234 297 208 205 189 189 198 76 145 198 167 245 316 132 161 191 299 70 254 196 225 108 76 122 434 152 233 160 123 64 196 174 186 321 183 263 141 241 194 193 96 411 251 221 289 233 220 105 81 215
300 319 240 280 332 257 186 170 133 186 366 278 386 226 259 358 217 198 301 36 213 202 216 250 339 246 216 148 155 192 163 265 339 224 277 317 108 261 182 181 190 399 305 262 175 361 237 199 175 55
333 271 375 309 379 286 215 266 162 215 357 307 435 258 351 381 425 260 330 354 242 298 266 283 416 248 313 177 313 254 260 294 185 383 335 414 276 402 211 210 286 393 230 291 479 242 162 295 233 263
231 246 279 202 218 180 113 202 60 113 293 154 296 156 267 297 316 196 228 135 140 234 166 167 249 81 282 75 249 190 229 192 312 230 309 327 174 286 109 108 222 226 232 189 274 311 164 231 207 154
325 370 299 296 280 272 289 167 236 289 258 336 407 223 252 282 390 161 328 287 316 199 167 213 468 243 294 251 214 155 287 265 277 241 274 354 232 332 285 284 181 445 307 312 272 324 311 196 172 300
212 244 184 147 324 179 174 18 121 174 302 187 218 74 107 216 231 46 240 147 201 50 83 98 363 94 209 136 99 40 172 150 187 263 125 92 117 217 170 169 38 340 206 163 286 209 162 47 23 69
383 401 416 277 462 323 318 312 353 406 440 440 439 335 401 448 511 278 471 330 371 180 315 310 546 224 441 310 331 272 390 362 459 516 419 386 349 429 402 401 270 523 360 457 469 415 292 177 317 349
217 160 148 201 267 165 99 164 46 99 245 191 319 142 23 283 244 182 156 63 126 186 168 194 335 108 173 61 138 176 157 93 235 227 200 196 135 288 95 95 184 312 151 175 202 297 150 193 169 82
281 268 257 129 320 107 170 210 203 252 298 224 223 195 252 282 295 161 197 114 225 239 167 94 176 8 263 160 214 155 210 146 252 268 315 284 178 213 128 216 230 153 252 208 253 309 184 239 215 133
241 208 196 249 259 131 153 156 115 168 237 260 346 134 191 221 289 100 204 226 195 178 18 33 385 156 202 130 153 94 149 85 191 275 166 244 171 152 164 164 176 362 199 244 231 248 168 185 161 127
159 223 211 224 330 114 136 114 98 151 308 243 241 111 86 116 307 142 179 126 178 146 1 114 362 171 184 113 195 136 220 156 211 250 149 188 198 233 147 147 114 339 176 227 214 217 202 143 119 145
0 361 301 249 363 202 290 135 238 227 341 304 138 191 224 333 305 163 311 234 318 167 200 214 296 128 326 253 216 157 289 266 304 380 242 357 234 333 248 270 155 273 110 263 373 326 279 164 140 143
243 0 332 283 201 193 111 182 269 182 291 340 318 217 271 315 395 194 319 295 138 214 200 246 412 189 91 73 247 188 254 190 310 290 289 192 257 202 244 317 202 389 166 319 413 336 162 211 187 233
177 315 0 217 366 253 182 161 208 182 362 163 252 217 250 359 374 189 367 283 209 193 226 241 346 178 25 144 242 183 297 261 330 239 268 126 260 360 178 256 181 323 287 258 422 352 233 190 166 212
285 164 268 0 294 215 41 160 125 172 272 270 356 147 249 298 318 178 293 225 128 192 190 205 309 119 206 63 222 172 153 120 291 280 267 307 100 324 174 173 180 286 123 254 364 341 55 189 165 156
474 261 451 323 0 301 356 404 303 356 492 418 417 389 446 338 489 355 391 308 383 433 361 288 370 202 352 318 408 349 401 340 326 321 476 453 372 407 322 351 424 347 371 402 447 135 303 433 374 327
451 509 474 533 580 0 363 421 325 378 558 470 589 403 504 506 644 336 494 511 405 453 228 388 614 441 467 340 389 330 414 440 438 434 376 568 407 507 374 374 253 591 468 454 441 499 429 450 426 482
244 146 281 199 253 177 0 149 171 131 231 256 340 106 227 257 361 143 327 184 87 172 149 164 365 78 196 22 196 137 143 79 250 239 256 297 146 283 160 219 169 342 179 240 323 306 111 178 154 203
194 226 166 129 306 175 156 0 103 156 284 169 332 56 89 198 223 28 222 129 183 32 65 80 360 76 191 118 81 22 154 132 169 245 107 262 99 199 152 151 20 369 211 145 268 191 144 29 5 148
171 186 274 208 255 124 53 142 0 53 233 145 273 96 207 237 365 136 169 227 80 174 122 188 289 121 233 15 189 130 180 132 252 221 249 309 131 271 49 49 162 266 172 129 335 251 104 171 147 205
227 265 279 155 237 167 196 134 166 0 215 205 283 177 154 184 355 162 247 174 246 166 69 154 236 68 180 181 215 156 127 206 234 281 217 256 233 273 144 185 154 213 244 224 282 285 210 163 139 193
313 215 253 311 22 265 243 248 190 186 0 254 439 265 290 285 413 115 338 310 270 190 152 167 392 224 278 205 168 109 241 219 19 318 300 378 186 286 227 238 107 369 330 307 365 132 294 274 253 261
171 238 307 270 339 252 212 141 186 212 323 0 301 197 230 339 275 169 355 229 133 173 206 221 346 178 187 174 222 163 134 171 310 76 248 288 240 340 208 235 161 323 160 286 348 332 263 170 146 113
410 321 388 297 399 352 175 226 239 292 406 335 0 281 315 424 432 254 252 251 262 258 291 306 430 253 322 197 307 248 269 254 395 323 333 300 214 354 285 132 246 407 354 365 455 417 286 255 231 270
138 276 314 294 388 247 243 273 251 247 366 373 276 0 351 346 350 176 278 216 330 251 213 228 341 173 331 265 229 170 278 280 385 349 356 419 247 347 288 294 168 318 155 308 418 339 349 302 278 188
257 137 125 178 244 182 190 141 137 190 222 228 299 119 0 285 221 169 133 40 217 163 164 171 314 85 150 152 115 163 134 70 241 204 248 173 112 265 151 185 161 291 128 231 179 332 233 170 146 59
220 252 251 260 321 195 119 204 188 190 299 317 295 225 204 0 410 113 297 239 146 236 119 165 389 197 68 81 166 107 239 198 318 298 267 169 184 284 221 236 224 366 215 301 332 276 147 233 209 248
270 285 281 246 354 222 152 136 99 152 332 244 194 192 185 215 0 164 267 225 179 168 201 213 147 212 182 114 196 158 129 231 305 320 243 283 74 332 148 147 156 365 257 228 364 316 203 165 141 244
246 261 294 222 330 199 128 217 75 128 308 220 341 171 175 170 376 0 243 195 155 249 181 196 364 196 238 90 264 205 244 207 327 296 324 339 189 315 124 123 237 341 247 204 354 326 179 246 222 214
266 148 136 45 248 193 86 135 170 217 226 95 310 130 220 250 286 129 0 202 173 167 135 158 325 96 161 108 182 123 145 81 232 71 170 184 145 277 33 75 155 302 139 113 341 292 100 164 68 130
399 410 339 353 411 293 315 314 277 330 439 422 350 336 366 396 181 302 406 0 357 318 180 235 303 232 360 292 254 296 307 287 390 323 328 446 252 309 326 325 334 543 401 406 254 450 370 315 319 19
162 300 338 318 415 271 267 297 275 271 456 408 300 114 375 370 373 200 380 240 0 275 237 252 365 197 363 289 253 194 320 304 249 152 380 443 271 371 312 323 192 342 179 332 442 363 373 326 302 211
361 221 293 165 356 143 206 217 247 288 334 260 413 231 288 318 331 197 301 150 293 0 203 130 366 44 263 228 250 191 210 182 288 336 324 341 222 249 263 240 237 343 180 333 289 345 112 246 222 169
223 281 312 305 352 113 135 239 97 150 330 242 361 175 276 306 435 233 266 283 177 271 0 219 386 213 330 112 286 227 277 214 210 318 148 378 228 338 146 146 245 363 240 226 213 327 201 268 244 273
239 339 289 252 226 259 241 123 200 253 204 229 377 101 202 304 334 151 236 242 280 145 146 0 389 189 169 215 204 145 116 52 223 305 230 270 222 119 133 210 143 366 256 213 359 314 257 152 128 261
199 291 189 257 354 75 222 128 231 227 332 297 47 151 217 316 341 156 287 248 309 160 193 128 0 142 214 244 209 150 244 180 286 358 235 202 227 247 261 179 148 287 110 263 364 231 263 157 133 179
317 261 249 121 312 99 162 209 203 249 290 315 399 187 244 274 287 153 257 106 249 231 159 86 409 0 255 184 206 147 202 138 244 294 307 297 178 205 219 208 229 407 244 299 245 301 176 238 214 125
152 290 302 192 341 228 157 136 183 157 337 249 227 192 225 334 349 164 342 258 184 168 201 216 321 153 0 119 217 158 284 236 305 325 243 101 235 335 153 231 156 298 262 233 397 327 208 165 141 187
227 171 259 237 240 215 38 127 196 109 218 294 365 144 212 242 350 121 305 222 65 159 127 173 343 116 234 0 174 115 181 117 237 217 234 314 184 292 198 244 147 320 157 272 340 284 89 156 132 190
145 229 85 190 298 167 96 80 43 96 276 188 283 97 169 278 303 108 211 209 123 112 145 160 332 156 110 58 0 102 73 175 249 264 187 211 18 279 92 91 100 309 162 172 348 271 147 109 85 195
204 233 144 228 284 156 134 139 81 134 262 226 342 156 181 176 314 6 229 201 161 168 43 58 370 181 169 96 59 0 132 110 216 300 191 269 77 177 130 129 159 347 221 210 256 169 185 165 144 152
201 233 173 136 313 182 163 7 110 163 291 176 280 63 96 205 230 35 229 136 190 39 72 87 317 83 53 125 88 29 0 139 176 252 114 154 106 206 159 158 27 294 218 152 275 198 151 36 12 155
187 287 237 200 174 207 227 71 174 227 152 177 325 49 150 252 282 99 248 190 254 93 94 151 376 137 117 189 152 93 64 0 171 253 178 218 170 270 81 222 91 358 204 161 307 262 205 100 76 209
406 473 371 388 552 424 402 376 349 335 530 235 536 397 449 444 394 274 428 464 368 408 311 326 541 403 396 364 327 268 369 378 0 311 459 497 342 445 340 308 388 548 395 420 524 437 443 405 381 348
369 401 341 304 263 350 331 175 278 331 459 344 415 231 264 373 221 203 397 175 358 207 240 255 368 251 221 293 256 197 168 307 344 0 282 322 274 374 327 326 195 462 386 320 294 366 319 204 180 59
315 259 347 311 328 288 126 215 164 197 306 152 437 232 300 330 427 209 284 310 153 247 215 261 431 204 267 88 262 203 214 205 62 228 0 368 246 380 213 164 235 270 245 293 428 179 177 244 220 265
253 221 301 91 240 202 132 224 82 135 315 176 126 178 289 319 338 200 250 157 162 256 188 189 271 103 297 97 253 194 244 211 334 252 331 0 191 308 131 130 192 248 214 211 296 333 146 253 229 176
196 211 207 172 280 149 78 62 25 78 258 170 298 118 151 260 285 90 193 191 105 94 127 142 314 138 108 40 122 84 55 157 231 246 169 209 0 261 74 73 82 291 197 154 330 253 129 91 67 210
252 265 225 162 239 201 134 220 81 134 314 150 317 177 262 257 337 87 117 156 161 249 124 139 270 102 250 96 140 81 213 191 297 188 272 301 158 0 130 129 79 247 253 210 295 250 185 246 185 175
263 334 403 366 428 348 308 237 282 308 406 96 298 215 326 410 371 265 451 325 229 269 302 317 295 274 283 270 318 259 230 254 406 172 344 384 336 436 0 331 257 419 256 80 338 428 359 266 242 209
278 268 256 165 267 229 160 144 107 160 340 203 345 200 233 342 365 172 120 184 187 176 209 216 298 130 190 122 204 166 137 201 313 191 251 291 82 222 153 0 164 275 259 233 323 335 211 173 149 203
417 337 411 391 404 388 344 262 291 344 382 407 350 279 351 460 475 290 432 391 371 294 324 342 482 314 347 306 326 284 294 230 349 483 369 336 344 461 311 340 0 459 296 281 530 453 228 291 267 313
232 292 222 195 336 241 222 66 169 99 314 144 288 122 155 264 289 94 288 195 249 98 131 146 335 142 112 184 147 88 59 198 235 220 173 213 165 265 218 217 86 0 249 211 247 257 210 95 71 212
312 272 337 246 347 92 287 234 256 117 325 296 239 254 271 301 457 228 201 291 336 266 186 271 353 185 297 271 281 222 244 205 344 272 326 264 292 390 234 265 248 330 0 153 339 391 301 263 239 310
361 412 323 329 348 282 313 215 260 307 326 351 218 223 304 330 385 185 391 314 340 247 222 237 215 208 291 275 238 179 238 174 345 427 322 392 256 356 255 308 177 353 190 0 435 348 359 244 220 223
267 330 241 325 157 222 231 197 178 231 359 317 324 219 194 224 251 103 287 70 258 229 109 155 371 273 266 193 156 97 229 207 313 258 255 271 174 274 227 226 217 444 284 156 0 266 282 226 153 89
555 534 527 478 449 536 473 361 420 473 645 516 601 417 450 559 407 389 433 361 500 393 426 441 554 437 407 435 442 383 354 493 530 186 468 508 395 535 466 313 381 588 572 506 480 0 505 390 366 245
299 109 213 207 309 160 176 105 198 176 287 268 301 161 194 293 263 123 269 192 203 137 160 172 254 86 151 138 176 117 98 135 274 340 212 252 194 291 172 246 125 231 68 221 331 286 0 134 110 101
299 224 239 100 359 146 141 220 176 229 337 263 416 234 276 271 334 101 304 153 194 3 138 133 369 47 264 163 154 95 213 185 291 339 286 344 172 252 225 224 93 346 183 305 292 264 115 0 225 172
335 361 402 367 430 344 228 257 220 273 408 164 358 280 346 432 218 285 386 386 255 289 317 337 355 306 303 190 317 279 250 307 164 240 102 404 195 456 269 266 277 372 324 140 512 281 279 286 0 277
380 391 320 334 392 312 314 298 261 314 420 406 356 317 347 377 162 283 387 116 341 299 289 216 309 213 344 276 235 277 291 268 374 304 405 427 236 335 310 309 318 527 382 390 235 431 351 296 303 0
335 453 330 242 191 282 335 233 233 393 47 248 221 241 243 245 225 236 243 248 294 249 300 252 228 274 361 182 22 347 261 203 311 232 153 301 191 237 217 268 198 187 319 177 265 356 201 120 182 286
248 424 311 155 192 278 335 264 294 414 167 219 282 137 267 202 256 232 290 279 207 249 271 277 275 217 369 214 265 230 232 319 302 288 200 225 182 220 260 124 259 219 214 233 164 387 248 236 213 199
299 429 311 226 239 101 361 203 282 412 224 274 237 208 218 136 251 166 269 218 258 275 280 256 254 268 420 209 199 267 287 253 281 288 179 280 280 271 267 195 247 214 148 354 143 382 227 170 208 250
231 346 301 145 182 208 325 120 224 329 60 204 212 67 197 132 230 162 238 135 190 239 256 277 223 207 359 173 307 123 217 216 336 245 178 155 204 203 208 114 189 178 222 190 278 360 226 133 197 189
336 524 410 316 374 356 446 298 307 467 308 446 295 342 323 310 408 310 345 313 368 410 454 351 330 354 530 256 455 371 406 277 524 312 422 375 434 311 291 331 272 141 400 438 386 323 423 194 374 360
467 575 507 416 241 408 363 406 510 530 405 370 534 389 414 332 398 362 445 421 426 277 422 350 430 436 588 356 473 497 383 433 591 556 439 475 535 439 530 391 487 361 388 535 497 529 481 438 355 418
190 368 260 104 141 194 284 166 183 303 116 163 171 26 156 178 205 208 221 181 149 198 215 266 206 166 318 132 266 179 176 272 314 301 167 114 260 162 167 73 148 137 268 246 237 319 204 189 162 148
201 318 216 108 78 186 200 98 128 288 148 113 169 106 192 110 90 140 108 113 160 114 165 117 93 170 300 48 216 212 126 270 176 251 18 167 292 173 165 169 93 53 200 278 248 221 66 216 47 152
170 358 182 97 134 83 257 151 226 205 109 153 214 79 89 7 198 37 199 166 129 171 151 259 184 139 291 156 193 172 103 196 294 231 160 151 210 142 210 66 191 161 98 239 217 329 184 113 155 121
117 416 129 155 82 178 204 232 173 333 181 211 161 171 189 173 224 176 173 247 76 118 98 251 158 86 238 122 249 278 159 143 241 178 152 98 300 89 157 169 138 127 229 311 164 309 131 60 181 68
283 411 285 190 165 261 287 185 329 385 267 294 212 222 267 197 177 215 192 200 242 201 48 204 209 252 387 135 335 358 245 299 407 334 105 254 397 255 313 236 294 140 287 145 330 308 297 216 134 234
329 419 341 249 219 242 341 218 228 391 97 214 271 118 248 166 231 196 249 233 288 255 266 258 234 298 370 189 193 104 227 253 317 282 159 206 241 287 267 225 234 194 284 227 305 362 207 170 188 280
365 460 271 279 53 319 426 234 315 288 291 338 346 201 328 246 316 276 282 249 324 340 357 256 267 341 379 274 326 354 342 337 346 372 244 289 435 337 342 248 280 279 181 421 208 447 292 254 273 323
349 262 297 256 121 322 348 246 215 438 92 57 179 269 288 258 238 276 253 261 308 262 109 265 270 318 448 196 160 297 70 248 449 277 166 249 236 282 262 313 243 201 343 222 357 369 339 165 195 300
255 358 152 162 163 185 299 132 39 199 65 176 178 17 147 144 124 174 19 147 214 213 228 214 4 224 330 139 279 301 189 221 317 250 159 105 209 227 174 192 4 144 195 195 268 255 207 138 188 206
167 409 316 74 132 255 254 183 238 383 152 227 280 145 261 179 175 209 222 198 126 168 279 299 207 136 288 133 242 215 209 296 291 331 222 233 184 139 236 132 203 138 191 282 186 306 181 213 132 118
148 320 281 196 214 182 336 94 224 303 208 249 305 178 188 106 204 136 204 109 107 250 124 253 189 238 390 181 292 271 202 148 272 330 154 250 211 120 217 165 189 186 196 324 195 335 162 212 183 220
245 296 257 172 194 158 316 70 214 279 184 228 289 154 164 82 180 112 188 85 204 230 226 334 173 214 366 164 225 247 178 271 369 306 235 226 285 217 285 141 179 169 172 314 292 311 259 188 163 196
183 389 19 90 148 67 270 165 201 231 76 187 167 28 158 177 191 207 30 180 142 184 239 252 15 152 304 149 215 168 200 232 307 261 153 116 220 155 185 59 166 154 124 206 230 322 197 149 148 134
329 498 425 263 193 360 315 272 134 453 338 322 325 290 366 284 263 314 292 287 288 229 305 396 277 325 473 203 421 438 331 304 453 424 332 322 367 301 321 343 302 208 330 468 376 390 343 390 321 307
373 286 370 280 145 346 372 270 239 462 116 81 290 293 312 282 262 300 277 285 332 286 133 289 294 342 472 220 184 321 94 272 473 301 190 339 260 306 286 337 267 225 306 246 381 393 363 189 219 324
251 468 184 158 216 297 288 242 149 309 117 288 137 185 313 242 259 261 187 257 210 252 340 313 172 220 372 98 383 180 293 273 375 302 235 217 261 223 133 224 114 103 270 247 298 285 265 190 216 202
239 347 279 194 13 180 135 215 282 302 177 142 306 161 186 104 295 134 295 230 198 49 194 216 280 208 360 253 245 269 155 205 363 328 243 248 307 211 302 163 259 171 160 307 286 353 253 210 252 190
237 363 255 144 119 167 281 195 241 366 193 158 280 219 289 207 213 237 221 210 196 195 210 240 206 206 358 154 261 325 171 296 299 331 141 87 337 209 191 266 206 159 140 323 284 341 189 213 153 188
249 413 306 156 100 290 286 226 247 238 153 208 235 171 243 238 218 250 173 241 208 242 260 223 158 218 370 96 221 331 131 1 248 232 146 215 64 35 231 250 212 101 224 177 110 283 194 134 175 200
207 424 276 114 172 253 244 198 105 265 181 244 93 141 269 203 215 217 143 213 166 208 296 269 128 176 328 54 339 244 249 314 331 357 227 173 325 179 89 235 70 59 226 311 254 241 221 254 172 158
274 404 286 201 214 187 336 178 257 387 199 249 212 183 193 111 226 141 244 193 233 250 255 231 229 243 395 184 174 276 262 228 256 263 154 255 314 246 242 170 222 189 123 329 118 357 202 145 183 225
175 351 238 82 119 232 262 191 221 341 94 146 209 64 194 203 183 233 230 206 134 176 198 244 215 144 296 141 249 157 159 250 299 279 145 152 238 147 205 51 186 146 287 224 222 314 189 167 140 126
185 264 225 140 128 126 280 38 208 247 99 154 249 122 132 50 9 80 156 53 172 194 194 197 141 182 219 128 167 215 77 239 256 170 98 194 243 185 245 109 173 133 140 229 228 140 146 156 127 164
179 302 248 86 56 164 178 76 220 276 158 185 274 113 170 88 68 118 115 91 138 92 232 241 100 148 278 26 226 253 136 248 303 229 157 145 291 151 248 147 185 31 178 288 226 199 193 194 25 130
208 325 223 115 85 193 207 105 135 295 155 120 176 113 199 117 97 147 115 120 167 121 172 124 100 177 307 55 223 219 133 224 183 258 25 174 299 180 172 176 100 60 176 285 171 228 73 141 54 159
185 311 267 92 107 115 229 169 189 349 141 106 228 167 263 181 161 211 169 184 144 143 158 188 154 154 306 119 209 273 119 288 247 322 89 35 285 157 226 240 154 124 240 271 232 292 137 205 118 136
447 569 362 354 324 374 446 344 463 464 332 364 193 353 438 356 333 386 265 359 406 360 416 485 368 416 543 294 428 339 377 478 514 497 386 413 476 419 492 402 453 299 357 462 494 464 442 395 293 398
369 493 391 283 253 361 277 273 174 463 323 288 344 281 357 285 265 315 283 288 328 289 340 292 268 345 475 223 391 387 301 347 351 426 193 342 432 341 340 344 268 228 302 453 339 396 241 309 222 327
263 385 303 170 207 247 350 159 309 320 182 234 255 152 253 171 269 201 277 174 222 264 286 233 262 232 384 229 337 245 247 304 387 367 233 240 326 235 293 139 274 23 213 312 310 205 277 255 228 214
252 303 264 179 179 165 323 77 156 286 151 235 196 158 171 89 187 119 195 92 211 237 233 289 180 221 373 157 275 214 185 178 376 213 190 233 292 212 192 148 121 162 22 281 287 318 266 95 170 203
195 246 207 122 140 108 262 20 190 229 134 175 231 104 114 32 130 62 138 35 154 176 176 179 123 164 316 110 218 197 128 221 238 256 80 176 235 167 227 91 155 115 122 264 226 261 128 138 109 146
251 302 136 167 137 88 259 76 155 285 190 234 195 145 170 88 149 118 147 91 210 173 232 176 132 220 359 107 274 253 184 177 375 212 77 226 291 211 72 147 120 112 21 320 286 280 265 94 106 202
425 387 437 345 246 34 260 314 324 487 193 182 367 214 344 262 327 292 345 329 384 351 234 354 330 394 466 285 182 200 195 296 413 378 255 289 337 275 363 321 330 290 285 323 350 458 303 266 284 376
277 328 139 204 222 187 344 102 183 156 196 257 223 148 196 114 212 144 150 117 236 258 225 261 135 246 247 184 300 279 210 205 320 240 162 236 317 239 219 173 148 189 49 326 308 343 210 122 191 228
415 404 451 322 337 345 459 360 390 496 233 336 407 310 380 298 335 328 370 375 374 373 388 97 355 384 423 310 288 296 349 389 382 418 280 265 377 387 403 357 355 247 358 363 244 429 328 306 309 366
216 384 228 174 144 82 266 164 194 271 186 179 235 172 258 176 156 206 174 179 175 180 197 183 159 185 337 114 254 248 164 34 242 277 84 197 330 68 231 235 159 119 235 316 143 287 132 159 113 167
234 436 220 189 199 268 261 298 290 421 266 231 278 152 133 263 283 293 231 313 193 235 215 345 216 164 334 239 255 352 244 260 358 122 246 215 81 206 274 158 255 244 286 67 273 414 248 177 247 185
358 481 410 265 235 289 357 255 313 453 127 280 301 292 323 267 247 297 294 270 317 271 332 274 279 327 457 205 102 427 293 216 391 312 175 209 271 250 297 326 278 210 357 257 325 378 281 200 204 309
157 399 306 64 122 261 244 173 69 373 221 251 366 210 267 185 165 215 212 188 116 158 303 292 197 126 278 123 258 350 199 314 281 326 215 242 365 104 226 244 193 128 269 351 179 296 171 291 122 108
201 578 452 469 439 500 463 415 360 469 509 474 530 461 509 427 451 457 463 430 514 475 526 478 448 531 560 409 577 573 487 518 537 553 379 528 558 527 270 486 454 414 362 602 525 582 427 435 408 513
293 419 288 200 173 206 295 193 191 351 5 218 179 82 201 130 185 160 213 208 252 209 270 222 198 232 334 140 321 68 231 161 281 190 123 170 149 195 175 189 156 145 274 135 269 316 171 78 142 244
254 397 187 161 151 259 273 171 152 312 120 275 140 167 265 183 163 213 190 186 213 187 327 190 175 223 373 101 321 183 231 276 378 305 91 220 264 226 136 214 117 106 273 250 301 288 268 193 120 205
365 441 402 272 309 303 452 215 385 422 261 336 357 254 309 227 325 257 333 230 324 366 342 335 318 334 486 305 242 268 323 356 433 446 275 342 405 337 395 241 350 125 315 391 412 307 323 333 304 316
310 482 406 244 302 344 374 256 115 434 319 374 306 271 350 268 244 298 273 271 269 338 286 399 258 306 454 184 402 419 312 310 434 405 316 303 373 282 302 327 283 189 356 449 357 371 324 374 302 288
